==========================
Current model is : 0
==========================
Current target is : 1
r2:-0.0911551812872946
rmse:2.84654960554
CVrmse1:9.951051112458424
CVrmse2:9.84094105466146
mae:1.9611791277800652
==========================
Current target is : 2
r2:-0.615038443301666
rmse:1.43057150158
CVrmse1:74.40775806616651
CVrmse2:77.13728315266388
mae:1.1487289768662399
==========================
Current target is : 3
r2:-0.15401303297744207
rmse:0.299806890946
CVrmse1:8.637909728209687
CVrmse2:8.621754511452432
mae:0.1925541454308673
==========================
Current target is : 4
r2:-0.3043697109538812
rmse:49.5681188153
CVrmse1:74.8121658567147
CVrmse2:75.10522443608833
mae:38.34791018038542
==========================
