==========================
Current model is : 0
==========================
Current target is : 1
r2:-0.03715441937742847
rmse:2.77521866656
CVrmse1:9.716846455092446
CVrmse2:9.59433949726928
mae:1.9751125327500005
==========================
Current target is : 2
r2:0.5122947728455474
rmse:0.786134474971
CVrmse1:42.31016064475564
CVrmse2:42.388847761208524
mae:0.5191958537
==========================
Current target is : 3
r2:0.01631963115523072
rmse:0.276798196479
CVrmse1:8.072377775825725
CVrmse2:7.960077540997936
mae:0.1499497284
==========================
Current target is : 4
r2:0.527218737517992
rmse:29.8422945335
CVrmse1:46.311253380483585
CVrmse2:45.21681036515746
mae:20.272574211499997
==========================
