==========================
Current model is : 0
==========================
Current target is : 1
r2:-0.17644760621834532
rmse:2.9557098034
CVrmse1:10.42090263212857
CVrmse2:10.218323929193645
mae:2.078197521180603
==========================
Current target is : 2
r2:0.5975748079541781
rmse:0.714102768808
CVrmse1:37.36928248243553
CVrmse2:38.50485447031555
mae:0.5478502572642859
==========================
Current target is : 3
r2:0.14498589678874774
rmse:0.258061307347
CVrmse1:7.509134074547745
CVrmse2:7.421247836651547
mae:0.1392802287858172
==========================
Current target is : 4
r2:0.48282884228635803
rmse:31.2118299909
CVrmse1:48.245791024122035
CVrmse2:47.29191973702961
mae:23.039564062847198
==========================
