==========================
Current model is : 0
==========================
Current target is : 1
r2:-0.06642165120329846
rmse:2.81410290029
CVrmse1:9.899201340407666
CVrmse2:9.728768017813708
mae:1.8291132688186118
==========================
Current target is : 2
r2:0.6752730391967265
rmse:0.641471418917
CVrmse1:34.403421512514484
CVrmse2:34.58852802584974
mae:0.5098241509885633
==========================
Current target is : 3
r2:-0.012644414699788387
rmse:0.280843734729
CVrmse1:8.131989081656936
CVrmse2:8.076417887751836
mae:0.16901223171678947
==========================
Current target is : 4
r2:0.46887856553006935
rmse:31.6299859268
CVrmse1:46.98534883847327
CVrmse2:47.925506327838946
mae:24.8525070804401
==========================
