==========================
Current model is : 0
==========================
Current target is : 1
r2:-0.3730421946850153
rmse:3.19313616587
CVrmse1:11.109908781633669
CVrmse2:11.03914181808632
mae:2.225267393349191
==========================
Current target is : 2
r2:0.6857205887048755
rmse:0.631067918342
CVrmse1:35.01989605493677
CVrmse2:34.02756496407865
mae:0.4871610122973077
==========================
Current target is : 3
r2:0.09423768605044014
rmse:0.265609361255
CVrmse1:7.675706050863103
CVrmse2:7.638312453253146
mae:0.16919048528523592
==========================
Current target is : 4
r2:0.6747195600962379
rmse:24.7531833487
CVrmse1:37.62448696509364
CVrmse2:37.50582905596344
mae:18.22624279188703
==========================
