==========================
Current model is : 0
==========================
Current target is : 1
r2:-0.13877861920334467
rmse:2.90800500159
CVrmse1:10.25918353725832
CVrmse2:10.053401406259542
mae:2.020214409807726
==========================
Current target is : 2
r2:0.5735075017004343
rmse:0.735146400791
CVrmse1:38.32661419004648
CVrmse2:39.63953987195656
mae:0.5704239133494253
==========================
Current target is : 3
r2:0.14327600673722374
rmse:0.258319218924
CVrmse1:7.518123787821323
CVrmse2:7.428664778598845
mae:0.13981927327951413
==========================
Current target is : 4
r2:0.5262439007466859
rmse:29.8730448908
CVrmse1:46.97397983345687
CVrmse2:45.26340306507733
mae:22.114258997240814
==========================
