0.011018147660040412,0.06647261537515194,2.0815352121977298e-09,1.7997948945770156e-09,2.6249038052778787e-09,0.013578903180460268,9.141613257330663e-09,1.6690600455634883e-08,0.021073680848160223,3.2604522544760783e-09,2.930339877695812e-09,3.879088123461901e-09,2.830809858217298e-09,2.1260530594510615e-09,3.246789366075938e-09,2.859143744168846e-09,5.914645724288285e-09,2.5141996497563967e-09,2.4982960585330454e-09,3.1281124725878407e-09,7.257873500307063e-09,1.9890505912238972e-07,1.9334365557627118e-09,0.04563981047827129,6.000496863598166e-09,5.1732783696464185e-09,2.697342102921716e-09,0.01596878320592985,1.672879763846537e-09,1.7429104622346836e-09,1.6213608370649598e-09,2.579450220030017e-09,4.680335520991743e-09,1.8295055048291446e-09,1.7995899682972765e-09,1.9661730932315576e-09,1.629932549697359e-09,1.6791593704756058e-09,0.07403422832383534,0.059790596085301226,5.665622080615518e-08,0.04649445635960757,6.964756081396937e-08,3.8601855824425025e-09,2.253543764375729e-09,2.9108401761395487e-09,2.397921161603649e-09,2.256497733457961e-09,2.4916457637013846e-09,2.7594104622779128e-09,2.35565841216586e-09,3.0396957588161907e-09,2.3033875483424685e-09,1.189618047976695e-09,3.459797583307258e-09,1.7254155440827966e-09,2.9131183298319994e-09,3.6469752146759007e-09,1.1200390832104909e-09,2.1596619871825243e-09,4.7205757127262375e-09,1.9037763533467816e-05,0.15470885953139973,3.4661379642055076e-09,3.560676396743494e-09,0.060004228221061946,2.9728439379378834e-09,5.843200293700206e-09,0.008612975668685319,6.693630946531279e-09,1.7111563497275106e-09,1.3156111250477834e-09,0.00165467970620021,0.0037237589227958664,1.8865428121927664e-08,6.54210005022004e-09,6.322625210861071e-09,0.03203296597354765,0.05785361104689643,0.0775311713721239,0.06138898627540038,0.008608342069488501,1.68535196003153e-07,0.06717603355881106,1.3513959018510332e-09,2.0296914571379246e-09,0.08494733086299051,8.830329161457764e-05,0.008503952298716193,0.019073642115905544,1.3943107886885517e-08,1.4456439443138443e-08,1.8026982005914187e-08,3.908735932972615e-09,3.790761823743924e-09,1.7983996709065848e-08,1.0372510834519085e-08,1.2094228616978917e-08,3.934827250488617e-09,2.662682738544868e-09,2.214274605141531e-09,1.5516273311716325e-09,2.476855971347681e-09,8.488061182916048e-09,2.0890103387492166e-08,2.1280841063736822e-09,3.016081208225977e-09,3.105781665728738e-09,3.157707865912349e-09,4.1135599148023664e-09,1.3015488404081386e-08,2.416972246857e-09,2.461640905680761e-09,4.841721427184395e-09,3.3253099838354345e-09,3.0105583366790076e-09,2.455872623713984e-09,2.1874715868681465e-09
0.018367525628380087,0.06602187120370213,4.951000256692307e-09,4.47169495144491e-09,6.2276860096945415e-09,0.013120466164806431,2.6353791979778318e-08,5.2140721856612596e-08,0.020238904147344753,7.843960595354861e-09,7.444071893594379e-09,1.1205149335199384e-08,7.0178457835148694e-09,5.633551483221508e-09,7.945626646649157e-09,4.723817039400512e-09,1.6763891329161846e-08,6.763299398271396e-09,6.484933678274017e-09,7.69388422148074e-09,2.2623700337300138e-08,2.78566444725271e-07,5.527652530940457e-09,0.039471456152957364,1.646332697941294e-08,1.2293033557045135e-08,7.0759578607157185e-09,0.0299541105565074,4.173704608904755e-09,4.738314207805119e-09,4.229514879130204e-09,6.542689589957144e-09,1.158289432942626e-08,5.188807802078176e-09,4.894797176846461e-09,5.143249637072535e-09,4.237060783199491e-09,4.318682438016789e-09,0.07520611823560354,0.07666481446711748,0.005061952159464577,0.036577097482916945,6.675364011057435e-08,1.1093116935204907e-08,6.4425668990965015e-09,8.487806282117891e-09,7.063100997487911e-09,6.4188192238859094e-09,6.954918654492787e-09,7.622214975966732e-09,6.616692815751993e-09,8.633144157684924e-09,1.8106018692694355e-08,3.2044293082365948e-09,9.066168150992279e-09,4.3513847846724986e-09,7.726870529176641e-09,9.82850460249024e-09,2.899095821002343e-09,5.677375558964972e-09,1.2199095887020297e-08,0.0002451343731188766,0.1473485425128388,6.513101676775144e-09,9.84138945689887e-09,0.06573147150787403,8.163953804209505e-09,7.006204379929492e-08,0.009340363295883688,2.2088836218474395e-08,4.3495822395074845e-09,3.353711301323526e-09,0.001220257886649671,0.0033024827777119125,9.341154295812997e-08,2.0856722247546322e-08,2.3870519378702218e-08,0.028547203420957058,0.04783902560879712,0.06978280922999265,0.057201253537523956,0.008955275589629365,4.0299275784808145e-07,0.06701779604467917,3.385501864412514e-09,3.516158793974857e-09,0.08472890709407901,0.0006944873694455848,0.009250306986371932,0.01810846507714486,4.038757634797681e-08,4.322635731366108e-08,3.6422383028372454e-08,9.82092836336448e-09,9.28423558262217e-09,4.4050478805558966e-08,2.639505139352639e-08,2.5672239702194138e-08,9.637649812758847e-09,6.641471551494024e-09,5.7984081556598314e-09,4.0395892758391775e-09,6.669408419059407e-09,2.0518529343806166e-08,2.9784032561396173e-08,5.191713938553819e-09,8.12256629154201e-09,8.382256916512139e-09,8.42175625798218e-09,1.0249894944088482e-08,2.7990850522641273e-08,6.283006830017907e-09,6.6182815195204e-09,1.0376022343429785e-08,8.952648467269884e-09,8.047209118921771e-09,5.8863293063146816e-09,5.802081695684651e-09
0.02667615430855957,0.032734507882961214,4.937810857985605e-10,2.4291020359198435e-10,5.233834550181251e-09,0.016021862241112607,0.010139715558494605,0.011632125037574036,0.017058179321537716,0.0028279302742380916,4.19772780336151e-07,0.003625890032627458,7.631622527958672e-08,1.510207643719308e-09,0.0033608395019267675,0.004563374221302409,0.00978003993794031,7.745725647567139e-09,1.4237961681478782e-08,0.003797615506804505,0.01112779267535094,0.016215968898605188,3.437653732195578e-10,0.02863113856649224,0.006573034217150803,0.0068054528986417825,0.0011881023886696892,0.024773001461576526,2.358833494008595e-10,3.085155869151414e-10,1.4446795178613685e-10,7.37622643038134e-09,0.010850725877450298,3.4452020531501224e-10,3.460154320137808e-10,2.448583245235956e-10,1.4210718169384898e-10,1.7398098003780257e-10,0.03919602382426659,0.05053301377827406,0.02202649960542705,0.024123920139788032,0.013831674999194455,0.0013825763514224425,4.721050992089093e-10,0.0009479887508108878,6.382022415027375e-10,4.887518911596099e-10,3.8832643385236267e-10,6.457060452956136e-10,3.3591643916095036e-10,1.9861918289245914e-09,0.00493018084633792,2.0426976889497246e-10,0.006869741084299759,0.0009751224804617717,0.0005338326443639493,0.004392621634639208,7.427888919843173e-10,0.0046396783168603855,0.017942541817984718,0.010721413318948644,0.05877805695473285,0.0025969195741975294,0.0007900342913933163,0.036849361492470256,0.013915332253421543,0.006633015203922891,0.011981959328876829,0.0035090601275084483,2.091314195839197e-09,1.3691628291427231e-08,0.011049892279782196,0.011412968623206886,0.015910758572029227,0.0031949491667272577,0.0039434091997535515,0.032314173855470106,0.030149375179210458,0.03973056879411944,0.030593765089344544,0.009800402030693553,0.008729778444869263,0.03819552339861114,2.4432804207762714e-10,0.0030061297663447205,0.04099803879158223,0.01079794484209084,0.01064972879912808,0.015033364078770184,0.006457787316227921,0.00677680710135314,0.00960999258888805,6.288945400455464e-06,0.001317239484030897,0.007715276060443496,0.005765232461623842,0.01058763647710803,0.001771718497803424,9.780933093177747e-10,6.766917331477283e-10,2.365705284276301e-10,0.002069444074703378,0.00964111739143642,0.009530960259922458,0.00019087614097630675,1.2910568794206086e-09,0.0010976058786747627,2.4725147948838643e-08,0.004612578300460292,0.014204315533702272,1.27545611842582e-09,3.2163434572893e-09,0.0025029718275305876,1.232314447246422e-06,3.1061472409105933e-09,0.004145528753097178,7.403012161947849e-09
0.02808299423971253,0.03541284262213969,3.572329224920056e-08,1.4797731234667151e-08,6.483816146289469e-07,0.01584158978628241,0.009780894034421402,0.011068765417577068,0.01694639356624206,0.002836669103788636,3.199279202231218e-05,0.00371794703840224,1.2609068238762054e-05,1.0421098098171363e-07,0.003412270771938392,0.004603512812396164,0.009681979524430668,5.802897642765535e-07,1.1994699880818677e-06,0.003676501256512957,0.011025754099228848,0.01613467706155362,1.8117166453907244e-08,0.02841669956729642,0.0064922034760978116,0.006693348412612114,0.0008730127226147299,0.02512042063971343,1.364132139498273e-08,1.6220431845274074e-08,8.202678536689852e-09,1.2331211657072184e-06,0.010639738816802675,1.8170860090593518e-08,1.826624437937705e-08,1.3232086650081897e-08,8.127755440648436e-09,1.0049470942445475e-08,0.03865981541265562,0.05059927273241378,0.022045795711619794,0.024506528912986058,0.014310881542898491,0.0010309811608720998,2.8544450477810387e-08,0.0016692360309678424,4.897823466429085e-08,2.9324504400376076e-08,1.7908204680880033e-08,2.790374001636651e-08,1.6062623321852292e-08,8.248057333864009e-08,0.004562668878151172,7.606408250099861e-09,0.006781543944047171,0.0006858474811539467,8.241741734632736e-05,0.0042014586679255984,3.8686619215784636e-08,0.004585878551120675,0.018009435642283612,0.011037486435525287,0.05887336548978315,0.0029505646447309237,0.0004829789310761371,0.036734813844442105,0.01432355897727238,0.006476292049766699,0.011968379794293278,0.0036459816585882256,1.1303358334808037e-07,7.791698732355568e-07,0.01128041638703583,0.011535944365201454,0.01654646366090594,0.0035133066713089684,0.003964892942751321,0.03144066768433545,0.03194733383831322,0.04169098916904651,0.03083359737817219,0.010400436555835953,0.008673173917556268,0.03803176800641456,1.446103351042189e-08,0.003570678473992322,0.04055795978206911,0.010655156991697648,0.010696616691765552,0.014863131180501815,0.0063462205630782165,0.006562769837665463,0.008676369950061645,8.92097033225282e-06,0.0008905842268054033,0.007043866432838253,0.0052058777087390685,0.00865241512715896,0.0012929572009172826,4.811665841856038e-08,2.662844228871428e-08,1.584433447908366e-08,0.0015180452797041778,0.009543068827861774,0.009511720813098007,0.0014669091711841968,5.115413443596547e-08,6.508146406428033e-05,3.4854262955666267e-07,0.004417298206085591,0.013561959775227042,3.9729522792082425e-08,7.730521562567874e-08,0.002192998829555821,1.9122547387447116e-06,1.0000476261840824e-07,0.0041042537230604505,3.8369087225794975e-07
0.0287441706563643,0.03619321301059916,2.2726989726187464e-08,1.0089725375886904e-08,1.1208910590479558e-06,0.016392483897711675,0.010221301520878199,0.011853583570871691,0.01738980017024433,0.0031205067045168926,0.00014405763237000579,0.0037232256633232164,6.116876399771044e-05,5.621751238399022e-08,0.003307002551598088,0.004082773756100881,0.009580993921187471,1.736691779216573e-07,2.8064049458345217e-07,0.0037902878612971107,0.010927844729720821,0.016020236691317944,1.298076049881296e-08,0.030275493078270235,0.006652353133447788,0.007013317350775885,0.0015537552258277046,0.025048103740354606,9.841941374399395e-09,1.167941802995079e-08,5.900522583339317e-09,1.6504693676109287e-07,0.010894434033647708,1.2663378066781843e-08,1.2402044925756704e-08,9.050662261783516e-09,5.816157656836821e-09,7.235082776469678e-09,0.03877081293451561,0.04836458934663013,0.022145493123746893,0.024232499472051337,0.014320289518367254,0.0015266438595264772,2.0800901227154004e-08,0.0013273143023638705,2.9548721027274563e-08,2.1668415001396707e-08,1.5782386925007134e-08,2.619226457849728e-08,1.3931279379222023e-08,8.860328593713755e-08,0.004820138636313762,1.1008658657822757e-08,0.006552994121326676,0.000972467374950273,0.0004195948373568518,0.004254310121610332,3.333454868644954e-08,0.004623626673950405,0.017908734990678576,0.010218596634984128,0.05865599762638827,0.0028328181881662655,0.0013004819663225272,0.03714290487685827,0.013639385241702011,0.006902991270478617,0.011771725846467894,0.0037921209223078585,9.547711575940335e-08,5.697982677719193e-07,0.010557623142952194,0.010804705041308186,0.016563607584300536,0.003510371532809886,0.0042660795624171665,0.032148166485709416,0.031262914589841984,0.041866779478239476,0.0304451158977501,0.010365130044013455,0.008646658884264568,0.03619245635146502,1.1740580270692927e-08,0.0037121388069626406,0.038269462711216465,0.008602176439890306,0.009234017456974351,0.011109288661284729,0.005955056696912028,0.006874800648514226,0.010217091139703538,0.0003514068469332869,0.0019032114371141393,0.007669933784337187,0.0059900333450391315,0.009741188895074946,0.0023628026579360466,5.082720407222803e-08,1.8469156303889294e-08,1.3451667671231841e-08,0.0013907988551776107,0.008392439393075081,0.009779061361723615,0.002585235473220806,6.21752911666326e-08,1.1260074837610886e-05,3.250855286009448e-07,0.005327108345278917,0.014242259703682663,2.8726917206240704e-08,5.237442744874934e-08,0.0022010162303237597,3.732068156564846e-06,1.122695291610102e-07,0.0039545080203113045,2.0468174847437595e-07
0.016410100831847328,0.05893467212191351,3.090518814172049e-15,1.9557991836028246e-14,9.566677185785859e-16,0.013246642371130478,7.989542877068085e-14,1.5479646900443148e-13,0.01982443365786372,2.806428852011535e-14,5.004162393785549e-15,3.994036338086431e-14,1.1125039034260528e-15,8.885942934544035e-15,1.0455226163102209e-15,2.1910515760986105e-14,2.6822008689332216e-14,1.945976531193431e-15,3.581303159065118e-15,1.3440840924775786e-15,3.697841597746898e-14,9.560441597472337e-15,2.580531532305411e-14,0.04041302733195045,3.355454408348453e-14,4.180420906954654e-14,7.858578815962612e-15,0.020283401395352996,1.8724230008992484e-14,1.5015704687886712e-14,2.477308899924669e-14,7.677827132520562e-15,1.9160823927676658e-14,1.59884873933515e-14,1.5211091113231682e-14,1.8872204173901985e-14,2.456328231053735e-14,2.4391161181579994e-14,0.08124014687426726,0.07531063642892608,1.4895994777734473e-12,0.04249060878728056,4.3989944193596616e-13,1.27394237489409e-14,9.44719260503867e-15,3.1048804357481375e-15,1.0672235658956563e-14,8.395516505317538e-15,1.3005781653755622e-14,7.633078380962821e-15,1.3935197942137595e-14,2.0705361089526935e-15,2.7363326344629222e-14,3.136913802724809e-14,1.9374674161754633e-14,1.4783956562207812e-14,1.7817986635062234e-15,2.7118788526192923e-14,2.6474084566935403e-14,1.7292782906019984e-15,5.772877479293259e-14,4.068077076519951e-11,0.14243877704590602,1.951428175052662e-14,3.662397653867173e-15,0.055626739178405014,3.71317655664076e-15,6.82596031240691e-14,0.008363116720359812,4.211054066485385e-14,1.1115054831585134e-14,2.847327153010917e-14,0.0006589027493066978,0.0034924505931778365,1.1977571749205943e-13,3.789408624168001e-14,3.913096076464302e-14,0.041269399644443934,0.06928437307824664,0.063898173170802,0.06068339317834653,0.008807145934247041,8.00924438189309e-13,0.06786969227951721,2.417726705102469e-14,1.8296673383682637e-14,0.08524754719584116,2.3502008358811525e-12,0.005936243291628593,0.018270376015195367,1.6309057949882648e-13,2.060377574248274e-13,4.092487473979258e-12,3.0143115353399196e-14,3.589756523235635e-14,4.0420972589406975e-13,1.5199696783103624e-13,7.045927921831091e-11,3.954142918847443e-14,2.0444350510083708e-15,9.312909420417251e-15,2.489714564681598e-14,3.115198058247856e-15,1.0832466102863701e-13,3.785997790849692e-13,3.1528184767602894e-14,6.037467464991698e-15,1.130500370536525e-14,1.0087591027279284e-14,4.613092965493807e-14,5.098822782606573e-13,6.485304036005921e-15,8.992095546829533e-15,3.702196879798042e-14,1.68121832941539e-14,7.102832478492989e-15,5.511474281120495e-15,3.3797953905320126e-14
0.02334139415237005,0.06543737952928094,1.0381946434959729e-09,8.918717687979054e-10,1.23783209926306e-09,0.013209651264406059,3.224188489498206e-09,4.921094294841445e-09,0.023218674467412652,1.6027688848203975e-09,1.4589393610529147e-09,1.5150808161926618e-09,1.4047930380901007e-09,1.0734186429663432e-09,1.612667673346725e-09,1.991544249159902e-09,2.756351349384564e-09,1.3241485123244638e-09,1.3075745158242985e-09,1.5330930060155222e-09,3.369901522837038e-09,2.940036389327903e-08,9.406985041637125e-10,0.04425136469855822,2.537141365636353e-09,3.17707133530156e-09,1.5943856114949668e-09,0.024476961648697136,8.439127447942231e-10,9.727922943402398e-10,8.162133033155607e-10,1.3367090397614815e-09,2.2388851814217377e-09,9.356864581998745e-10,9.295760033251457e-10,9.603744018923618e-10,8.16255383703241e-10,8.53267426285325e-10,0.08021048269638807,0.06927906677606942,0.0004403139237900288,0.026862012412727208,5.717806529264449e-09,1.5517290328264451e-09,1.0294089325276578e-09,1.3159753428314975e-09,1.0854535870208082e-09,1.0284075117141577e-09,1.050214015605169e-09,1.142411381464218e-09,9.94829476574305e-10,1.2512948938711095e-09,1.3760515247985138e-09,5.772107964450791e-10,1.4010288445753563e-09,8.944124425427866e-10,1.1507414104394868e-09,1.4818268587367295e-09,5.257535034688524e-10,8.544910155874707e-10,2.0164512879450958e-09,5.616528689462989e-05,0.14743811896934736,1.1211304342965625e-09,1.2990800560459547e-09,0.05881214554014325,1.4895868248422937e-09,2.2452252123472347e-09,0.008833190045898328,2.2374957628372517e-09,8.478405474262075e-10,6.300674487432955e-10,0.001955301235576937,0.0039456953779802425,4.586660720562626e-09,2.098803268331076e-09,2.165802930030502e-09,0.03767651095493802,0.06424869313185619,0.07071339104927447,0.054158244116015414,0.005780815548235984,3.2369298268259403e-08,0.06485671553215948,6.563760788952827e-10,9.52104487991774e-10,0.08167126737796969,1.4015114891862495e-05,0.009466555744531212,0.018466459640215375,6.004878959316626e-09,6.590918993814437e-09,1.4859838152804486e-07,1.8325679314900431e-09,2.1080680370101554e-09,8.25866640410116e-09,4.5980112576549746e-09,0.0011790127611731262,2.1554546314026954e-09,1.2906411674656512e-09,1.0193590785576246e-09,7.625992744326459e-10,1.0945389280232125e-09,3.5051971563003504e-09,4.859033436958098e-09,9.773515273834457e-10,1.4031363279451206e-09,1.5154204269283442e-09,1.4590844242758988e-09,2.354569152955471e-09,3.1281755526188943e-08,1.1235943702104811e-09,1.2242190193716065e-09,1.9687120030851526e-09,1.5316828592419261e-09,1.3979364539674617e-09,1.301813288086886e-09,1.023840402122489e-09
0.019563190692928358,0.06784789944897332,7.911084952551206e-15,6.721870835690851e-15,1.071823895600545e-14,0.01194117563796732,4.069121891509857e-14,7.758330733570902e-14,0.018077138776515452,1.5865638277451152e-14,1.2327193124198685e-14,1.8424900881659167e-14,1.1783189152433932e-14,9.854602378158071e-15,1.6329215300472036e-14,1.4816139981088052e-14,2.843352999666995e-14,1.2965460551306962e-14,1.2606420075359505e-14,1.5542829899733088e-14,3.238789211342874e-14,1.0080069921636622e-12,9.08902150626714e-15,0.043902478124111424,2.1999447043340374e-14,2.1123943150305167e-14,1.3383501235417702e-14,0.028798389242186608,7.344787708351454e-15,8.772430218657019e-15,6.2070711960771484e-15,1.3321659605758402e-14,2.399141265809763e-14,9.02001152034408e-15,8.959075555324066e-15,7.544248675319894e-15,6.203629464151736e-15,6.537607860793924e-15,0.07966449604726417,0.06798708653285267,2.511325705175508e-09,0.0404921586168579,2.05027650469992e-13,1.588348181466496e-14,1.0858558383000723e-14,1.5804535771305314e-14,1.1459956733947035e-14,1.0970123000211749e-14,9.768741566729809e-15,1.099567795314766e-14,9.571783607514266e-15,1.2421927033363669e-14,1.8796629513186057e-14,4.090689423913982e-15,1.585040764837105e-14,7.674271153628634e-15,1.2003652913531151e-14,1.6729966688040438e-14,3.730276257132176e-15,9.644799309612817e-15,2.5167772647950596e-14,3.645306252005191e-12,0.14065573665637912,1.5858809427838896e-14,1.44343119989627e-14,0.06589548605411437,1.3590053226758192e-14,5.080344972184482e-14,0.007021028083912482,3.3124647219446095e-14,7.296718439492261e-15,4.045567631802862e-15,7.31665865637672e-12,3.893770865924338e-09,1.4916923201054107e-13,3.0539686822296505e-14,3.1198626610709585e-14,0.0356733695568884,0.07237762621039698,0.06101939994929374,0.05869133867106189,0.008574281566732588,1.1500430094658013e-12,0.06124321921950909,4.825083737424192e-15,7.855563185514152e-15,0.0769774481595028,0.0015324007682031911,0.010878092718663128,0.0211865528437634,7.852904164042038e-14,8.997116280587383e-14,6.437905386537663e-13,1.9840204530722716e-14,2.2178069546536133e-14,1.1243892776285355e-13,5.819400623907111e-14,7.677333571413761e-13,2.3163336664675476e-14,1.2684070026244432e-14,1.0080009249727248e-14,5.804152940031106e-15,1.027100727214502e-14,4.53561938698638e-14,1.464153226747253e-13,1.156349362875701e-14,1.4472255356785548e-14,1.5920026156037894e-14,1.5580503059928636e-14,2.6400701841190252e-14,1.7373291655645745e-13,1.1092307050549918e-14,1.2090139062359001e-14,2.5700307589996097e-14,1.703421396127057e-14,1.4595994267293976e-14,1.222461166330038e-14,1.0581340338348617e-14
0.018157154590920287,0.07128647624814961,2.1636958150219537e-08,1.850428168075453e-08,2.6847661209700305e-08,0.014482012064527044,8.807552608028791e-08,1.5934150085165426e-07,0.018955600911467967,2.49175812663775e-08,3.127013318077015e-08,3.610650916275913e-08,3.0462893915561554e-08,2.380121246721808e-08,3.374376314782814e-08,2.0629224350718344e-08,5.969553370665642e-08,2.9679594823435292e-08,2.960900682919522e-08,3.121452368046455e-08,7.628524224302007e-08,6.314357371373525e-07,2.075179356734982e-08,0.04391099452575465,5.97520403843853e-08,5.2632670658042956e-08,2.8278036931671876e-08,0.031007176741337274,1.8401540611255854e-08,2.1028024382065145e-08,1.7476532644523564e-08,2.934881469670929e-08,4.624099418892388e-08,2.0740233670782673e-08,2.076994865203013e-08,2.0451015934786772e-08,1.7479193422528002e-08,1.8082272000233007e-08,0.0785338577348806,0.06787652869347055,1.6777789925325423e-07,0.026452831784048104,1.2090618172923558e-07,3.339793737118451e-08,2.384335850332613e-08,2.972725371969364e-08,2.550150395277582e-08,2.391801200756278e-08,2.35524749182182e-08,2.581550592935472e-08,2.2653406864569105e-08,2.7824800226961365e-08,3.538542667321212e-08,1.1916743304245606e-08,3.2867611272640714e-08,1.84306697611061e-08,2.6769340506767625e-08,3.314044754202214e-08,1.079054887674351e-08,2.0582012997487164e-08,4.5260500212207346e-08,0.0002690017569555209,0.14505455180600774,3.6678662712181085e-08,3.4158658329984176e-08,0.06616781671488066,3.125892932013639e-08,8.257393121167549e-08,0.009923925171535532,5.4058862606536256e-08,1.6624605098529736e-08,1.2877382349952677e-08,0.0011311816730640203,0.0034074140870183514,1.3841481465004172e-05,5.283135687317413e-08,5.287174188869215e-08,0.031444163074557704,0.07146908887751403,0.06123435393993264,0.05852809448053114,0.009486580324428595,2.977790116862698e-06,0.06062127323667053,1.4072025743808557e-08,2.0549034226492708e-08,0.07663743345593954,0.0016671807227099788,0.011049659150515317,0.021178331775745747,1.4610007573811878e-07,1.8063073588533095e-07,5.537032290933214e-06,4.2956433622691196e-08,4.88694335060287e-08,2.3029624909321912e-07,1.1791878358595302e-07,3.994631241903212e-05,5.056240732606916e-08,2.996951044127221e-08,2.253425290954061e-08,1.6857147352758677e-08,2.461710078315004e-08,8.412353399731233e-08,2.447703772236996e-07,2.232397063047411e-08,3.0771952459605415e-08,3.328326139762931e-08,3.2354865549844424e-08,5.138989209127665e-08,4.5336959979008583e-07,2.503321527902412e-08,2.6194078596608948e-08,5.2292442761647974e-08,3.388000101037098e-08,3.0345017822323805e-08,2.794920265443526e-08,2.1140781814668953e-08
0.023626307898971518,0.05976548500805292,4.3554532970461936e-14,4.254942835211624e-14,3.0220681503652883e-14,0.008489624034992059,1.639943711933289e-14,5.880125300165042e-14,0.014837214650401182,1.2285506600400815e-15,3.0704276009742645e-14,1.6950405252063405e-14,3.223135058718498e-14,3.6134698427537405e-14,2.5185164694420173e-14,1.0916139584190666e-14,6.6961326264390035e-15,3.0622355774215846e-14,3.084111146678139e-14,2.3807183360138594e-14,2.456371636523091e-14,1.7187433167982823e-14,3.9031117922658006e-14,0.042367782288170425,1.9647377408549175e-14,4.286035170808233e-15,2.972880148277387e-14,0.03454218736572192,3.651521343480723e-14,3.588477769065662e-14,4.728885180700463e-14,3.171230065156167e-14,6.4437290969587594e-15,3.733387436546901e-14,3.6370529449115294e-14,4.714790899216992e-14,4.7209948864187016e-14,4.506158994289078e-14,0.07776476165914484,0.08098494587071023,6.12050521145751e-14,0.02817907624929483,6.344342006601772e-14,2.80473008496652e-14,3.591585292757128e-14,1.0765859044995855e-14,3.526087675950325e-14,3.546966585408569e-14,4.0256568074470025e-14,3.712742242299312e-14,3.858113603834904e-14,3.428379798490917e-14,7.675510943239728e-15,4.929046383487662e-14,1.931653857363223e-14,3.822857072300685e-14,3.3848356646162084e-14,1.7233115845862284e-14,4.768483131936709e-14,3.0131972512097505e-14,1.0910582289979274e-14,2.1234432981984378e-10,0.147707838,6.763175946848473e-15,2.3937279322895774e-14,0.06752207642834232,2.2431663912910888e-14,1.886666775622119e-14,0.008369684792310051,6.072440939101674e-16,3.346745456434216e-14,5.925748636321278e-14,0.001575456688683001,0.0038930071769855456,0.0010805815278807915,1.1780690231711431e-15,2.5967265299590926e-15,0.024299014528276715,0.06950313417164188,0.05721317344173264,0.06364225390163979,0.009289965820708783,2.106752030729791e-12,0.059064637112123,4.412077534614129e-14,4.7094081724534254e-14,0.07493900664526397,0.0032231364532940955,0.013115240711840951,0.025004407217700565,8.062097437092287e-14,1.0533523835436214e-13,7.577232413632977e-11,1.1523990857735842e-14,2.504668064776262e-15,1.6558888553636872e-13,6.07452533438139e-14,5.156695137727837e-11,1.960238410577345e-15,2.885064436658667e-14,3.111281610260565e-14,4.7192858091194184e-14,2.4854459382283293e-14,3.6444162377135594e-14,1.5069167226127251e-13,3.677694898401463e-14,2.8347252558571095e-14,1.8994750752159858e-14,2.560768291229597e-14,1.357895544153927e-15,1.1435533081982675e-11,3.327202036887119e-14,2.619332050538481e-14,1.3314763893792641e-14,1.7249424609635376e-14,2.4505021114091096e-14,2.928720885413063e-14,1.044400259219303e-14
0.009211042370231636,0.047465880180089466,2.266172212847324e-09,1.99023365319381e-09,2.8782935065406154e-09,0.02219236755870372,9.525933873761843e-09,1.8507882420098565e-08,0.0296518387985718,4.236839559547347e-09,3.327957252586359e-09,6.021508432738175e-09,3.2143963226500325e-09,2.5212221118642097e-09,5.13670288518916e-09,5.0687642452129345e-09,9.724215909913132e-09,3.3046921346015787e-09,3.125099867832394e-09,5.022286267327214e-09,1.1748025118949872e-08,9.664266740358201e-08,2.5410577036278975e-09,0.03149710018903462,5.396976646796864e-09,6.282445780467291e-09,3.1088223565307886e-09,0.03082068598396594,2.076613001733199e-09,2.399549217700352e-09,1.9546277452748457e-09,3.875117864459732e-09,7.740015094325276e-09,2.4683732837516164e-09,2.445675765116337e-09,2.1654886241280227e-09,1.9427287764377325e-09,1.964736827907157e-09,0.08264604443906975,0.09788493944354003,2.2213372542542445e-08,0.04717477710134268,3.131811539987182e-08,4.829102756912263e-09,2.574472137317581e-09,3.0327809109486406e-09,2.577549476391327e-09,2.5964891332324953e-09,3.040544955850206e-09,3.439405201247992e-09,2.8827784971102977e-09,3.7328514958652765e-09,4.0406717995799345e-09,1.428524724488097e-09,3.382708482399283e-09,1.9433632133831396e-09,3.2144625745172124e-09,4.1914145363016185e-09,1.272730472385451e-09,2.1971409715907826e-09,4.142642250479507e-09,1.9287024607786308e-08,0.1266487963070667,3.5126222178168716e-09,4.707027264242888e-09,0.07053452593140921,2.9134836695125484e-09,1.378846890532224e-08,4.855673637311751e-08,7.236425166638665e-09,1.8747067635498428e-09,1.4284261671275904e-09,2.026466291279182e-08,2.3854660519162096e-08,0.001035007266347402,7.865726423397261e-09,8.202122572902224e-09,0.01487083054168963,0.07085328826785035,0.05468099630684168,0.0760004722242257,0.005029422454992973,4.003406017546019e-08,0.06591703153810646,1.533551986617529e-09,2.14555155309522e-09,0.08387890500747057,6.091553030571488e-08,0.005630277403515488,0.020469925260929032,1.201545876538062e-08,1.5223531277677203e-08,1.9060875144776545e-07,4.479312374094591e-09,4.976614609810224e-09,1.882374584615335e-08,1.1106607630928654e-08,0.0005503889298694305,5.193923227992804e-09,3.1242283945927096e-09,2.0639994385941684e-09,1.9020391657661397e-09,3.076255521244107e-09,8.942661005640519e-09,6.995462017438446e-09,2.7942304121980523e-09,2.8748377224128897e-09,2.3895169134064964e-09,2.9311270934390307e-09,4.062144136506553e-09,0.005354517046811349,2.1511752321016435e-09,2.2828428894590013e-09,3.3259539573221235e-09,3.1916704283210815e-09,2.9331965427233814e-09,2.581533908299925e-09,2.6004730970765232e-09
0.013113966392397949,0.09005253362390135,1.825229828331054e-15,1.9465113405739708e-15,1.5678325486895725e-15,1.7782392503284867e-14,5.56465322989766e-16,4.45507813071872e-16,1.5626965865486062e-13,1.1609094442240554e-16,1.1787570122421559e-15,6.036557085656317e-16,1.1579461733891454e-15,1.6907150349442296e-15,1.567628889347975e-15,8.224222710496896e-16,1.3675071425091211e-15,1.6323408342147168e-15,1.5447681439398467e-15,1.5659621237893868e-15,1.2303446655551904e-15,9.500289052646474e-16,1.7152791999382058e-15,0.042791607824753504,1.0413508794947161e-15,5.035778475756525e-16,1.3722964708361936e-15,0.04418383028725527,1.4290302921272636e-15,1.6947069067632523e-15,2.0327585518207736e-15,1.790521517969469e-15,1.260121026044585e-15,1.6799428306656845e-15,1.6726127154371756e-15,1.7197561605922648e-15,2.0404048456676624e-15,1.9531050092297606e-15,0.06301114051218752,0.037483542192576734,1.3870362876119125e-16,0.03738179960776416,6.261783244023558e-18,1.3542120524338623e-15,1.836232044700895e-15,1.567009004485604e-15,1.849098095248233e-15,1.807539479094027e-15,1.7405820553643435e-15,1.6174984601733199e-15,1.7965915857953532e-15,1.5476481056296597e-15,6.202781016685309e-16,2.1240392917494752e-15,7.789164809636846e-16,1.788628482770354e-15,1.4148389269107116e-15,6.149916969815726e-16,2.0395143485334787e-15,1.759795676633561e-15,3.092464875610373e-16,1.5684774816555714e-15,0.19903094065430105,1.5134669389455808e-15,1.5032470912520369e-15,0.03278076309863408,1.7419683567398557e-15,8.471105039977555e-16,4.2147553074688583e-16,1.7521406117532871e-15,1.6282482907201384e-15,2.445148610175255e-15,1.5204040538134415e-15,1.1068238705847096e-15,8.248735969046031e-16,1.6574274950853769e-15,1.5095174213171614e-15,0.023956394702301397,0.06095652142443437,0.08672545350967241,0.06032476067313887,2.5531010912523062e-15,9.777260497699429e-16,4.368952353148647e-11,2.5452257450504935e-15,1.6272839106428055e-16,0.20039420704126443,7.86354059378156e-15,8.536047144553677e-15,0.00781253841140856,1.4378674895848407e-15,3.3925047448027965e-16,1.0919690126198367e-15,1.3444721423541695e-15,1.0265188920654796e-15,2.3292875193977777e-17,4.0981958947799126e-16,1.7316697519458955e-15,1.0392674716317218e-15,1.721088998364401e-15,1.8561041821622255e-15,1.7734626772134115e-15,1.0274838852030338e-15,7.491876382630808e-16,5.106856285233943e-16,5.413840918324767e-16,1.6372378180144802e-15,1.011720529727084e-15,1.5354627455132477e-15,5.301568227029686e-16,4.836256611115435e-16,1.75813213849247e-15,1.6341240523778517e-15,9.044865497230081e-16,1.3138324662751247e-15,1.5643409570644351e-15,1.477035162643089e-15,1.1418432044862343e-15
0.02920192157029225,0.031344945031731034,1.068250656004766e-08,7.044652495104598e-09,5.899208818366425e-07,0.015335125987595209,0.008433404475256024,0.009819608446023488,0.016695244152059086,0.002987533740474721,0.0001089507337007837,0.004246254329731618,2.8101224333106396e-05,3.644539850110344e-08,0.004576891797199712,0.004639167826388395,0.009839011951876099,2.257051750215862e-07,2.7455143311051937e-07,0.004717590526867002,0.011076952984923793,0.015937456450455058,1.1923691720677116e-08,0.029825589204011172,0.005384955711716051,0.007296208736141931,0.0018938326177144066,0.02338146631211211,7.897217199605748e-09,1.0377123490999782e-08,5.11683812623626e-09,1.472504916800945e-05,0.01082564475871503,1.199789761557775e-08,1.2108132830718528e-08,9.033347089135721e-09,5.072616226567547e-09,6.127023897414311e-09,0.03715231867343074,0.048969232156317904,0.02165956969390493,0.024890120117360078,0.014157171068659716,0.0008865881720788913,2.0718941564253532e-08,0.0011515718785455348,2.5950152943688978e-08,2.202715131927813e-08,1.0744368549047256e-08,1.5972754664719344e-08,1.0136302822126092e-08,4.4265012287409976e-08,0.004887132464714295,4.970309285511358e-09,0.006690229006494801,0.0006336894402209615,0.00030995542825408047,0.004561956608151486,2.941536194183815e-08,0.00430055574195335,0.01777896273450178,0.009298462893777166,0.05833590600920376,0.0025329941093635527,5.6958310661228756e-05,0.03557478591558049,0.013803162107988293,0.006322415982371803,0.010333088014275588,0.003212627002243243,6.320481260070459e-08,2.690692267348587e-07,0.009272482858482799,0.0095053394277709,0.015291306888789283,0.0029688916847754403,0.003926064895469753,0.032360283814166474,0.03549849491615773,0.04058396223040581,0.03066724404822944,0.011602284112463739,0.008055250909110178,0.03748711708205994,4.648642868948857e-09,0.001963385380879644,0.040150306131900244,0.010095221546215965,0.01057607057562734,0.015455490383372343,0.0059147122606901725,0.006937230862214375,0.011588954956826337,1.2172442859187118e-05,0.0014921857002520857,0.008218775371885026,0.006034358638221458,0.013418920412548312,0.001835597567838121,2.030233925075309e-08,1.983948626461113e-08,5.304878438590786e-09,8.174547824619276e-07,0.009559600878195785,0.011504964167057192,0.00025824190994790374,3.555052541909516e-08,0.0014953059479332472,2.36382897786487e-06,0.005712211017808784,0.015681572555844903,3.6440046308110956e-08,9.141506629052141e-08,0.0042248690697476235,0.0007633260122322999,2.169295429745209e-07,0.004772278493004713,1.3550785717337132e-07
0.03243173836820084,0.03171777253288584,5.786471070261667e-09,2.4932282265199063e-09,2.0273266235995564e-06,0.014542379648523824,0.009175124333400219,0.010124196156059929,0.015586431748586817,0.0030985927532494704,0.0002334976959887357,0.00399501484560685,0.00022733679408973523,1.1786827086429759e-08,0.0042689856875690576,0.004963498996098749,0.009584342938003754,8.854684784868724e-08,1.5074531717499907e-07,0.004610051515779118,0.011058728271453539,0.015483296215835631,2.5281523362538465e-09,0.03159989807597721,0.006908885062232929,0.008472279114067163,0.002573457680507301,0.021854995889046394,2.2026047893814086e-09,2.3085617549558387e-09,1.4157924506301134e-09,5.637462163741061e-07,0.010875257924563328,2.5365618332006222e-09,2.5495318178705416e-09,2.3097903445500736e-09,1.4190422164612592e-09,1.7136149677609202e-09,0.03830896465063712,0.050516217131903456,0.02200004622174672,0.02452051670204917,0.013957465865663168,0.000724898699969311,4.845931701825616e-09,0.0004941565197391089,5.678774235224578e-09,5.1122516767079014e-09,2.9643960524497465e-09,4.186764242422473e-09,2.7945087298486438e-09,8.951670889011834e-09,0.0045273754307465905,1.4661644243103311e-09,0.006200091858151743,6.80142947818405e-05,4.8967451189409226e-05,0.004254260778727791,1.0262219162184843e-08,0.003601153781904254,0.017004847807232482,0.008479434250926291,0.0576408230172344,0.0016823710678889295,3.1309246773782427e-05,0.034550479659574806,0.01324200583403098,0.005681031055937902,0.00959112807828981,0.0025544122779712964,1.7865506772447905e-08,5.641312085405607e-08,0.008468817890421752,0.008720967074453181,0.01455084020700956,0.002691258281679486,0.003315239931637646,0.03141490814568415,0.03575794026924442,0.03961732206061514,0.030671198304365092,0.012073454816427508,0.008914521478455733,0.03802542547623491,1.5857941038134352e-09,0.0018087179606026199,0.04063118121742018,0.010025700922153234,0.01109015692164673,0.015687165112621443,0.006302074213707307,0.007547465810965589,0.011977768599320265,7.71851798355977e-06,0.001659823661792523,0.00837772447279548,0.00627661584302102,0.013686005831624973,0.002029278779581733,5.608146926992244e-09,5.6538641770337805e-09,1.8338662531419374e-09,1.3779196499552848e-06,0.009748924839091693,0.011695920700789614,0.00013922232999447504,1.2999956622274961e-08,0.0018142938090287442,1.4460318953387423e-05,0.006129078614810689,0.017108558178006775,1.0374515272099264e-08,2.7531716240967394e-08,0.004508215329419954,0.0008762554540869547,3.4896362588643204e-08,0.003565538338050414,3.7995140643452015e-08
0.02057478562006535,0.07963836356086086,1.920049111089674e-14,3.3303788098527124e-14,2.0682001684333423e-15,0.00809721015723419,2.429570521139414e-14,6.476324396045024e-14,0.018854146850164524,1.285721277360374e-14,2.299022841425493e-14,1.8880780925001557e-14,1.7339325701622895e-14,2.6152070455683903e-14,6.8548207712098826e-15,4.517886231312014e-14,3.349951227812945e-14,1.6566147775320823e-14,2.209924287375836e-14,7.788287885411362e-15,5.4888383434342297e-14,6.432322095828761e-13,1.3653426470157779e-14,0.04858750357233417,3.294613150984328e-15,3.30474919233608e-14,1.0837661453554725e-14,0.03335146735043881,2.4410916060482072e-14,2.2218536904006903e-14,4.0499790270729917e-14,1.603686852068987e-14,1.2603568953029045e-14,1.3209539066872554e-14,1.2613746477283941e-14,3.2148442673516987e-14,4.0346176057095765e-14,3.929693094647058e-14,0.061700957491894984,0.07445991517501373,0.008753443540727063,0.03392011293858115,1.18278120453594e-13,6.046780726961594e-15,2.2453743687130378e-14,5.745149024416031e-15,2.241682679179169e-14,2.1969131901267086e-14,2.581333149610205e-14,2.118718204372153e-14,2.588314872512366e-14,1.6890888171211003e-14,1.560801495715734e-14,3.887934000273386e-14,2.7861844246924167e-15,1.5308839416026114e-14,1.5887752403628798e-14,1.0076803109435397e-14,4.214613510632829e-14,2.4787932460280056e-14,3.0664290409623285e-14,2.1328756163291812e-13,0.14200237383093206,7.819242919942127e-15,1.0947272791594077e-14,0.06270996659810768,8.922938562813073e-15,3.997902853636253e-14,3.3845833515793467e-14,1.7848824124220786e-14,3.7537216920852373e-14,5.521287432355311e-14,2.095312424499198e-13,1.7235776869744249e-13,2.353667967298376e-13,1.7772226116167287e-14,2.2438150434003053e-14,0.03180977608390359,0.05663355292340034,0.07082421101402508,0.054114698826442514,0.00992269532028869,6.676066221510623e-13,0.06776549978441421,5.27946629277998e-14,2.767884117184265e-14,0.08798276530615554,1.0639740608638871e-12,0.007781779748871794,0.020514774296793555,1.050083692742195e-13,1.4751797883017042e-13,7.375259151832416e-13,5.617854250643754e-17,2.7505482730189068e-15,2.581918441506071e-13,1.0046186485884631e-13,2.4820197852013118e-12,5.2524815331069494e-15,2.1229427842933017e-14,2.8055624719549644e-14,3.1269125062819956e-14,2.0467020788544743e-14,6.08173680955439e-14,1.5100606372120654e-13,1.1763757442385265e-14,1.830365685791929e-14,9.563349373762555e-15,1.6097698719121764e-14,1.014626423479632e-14,2.486629476942501e-13,2.4680252802873114e-14,3.2201496644950967e-14,1.6047535539736493e-14,2.2555109275954357e-15,1.578723535037806e-14,2.2582203990773897e-14,6.383950675457026e-15
0.028933866955104817,0.03411382557667436,2.695157299133519e-08,7.17655266861785e-09,0.00021690496212926476,0.01546514301859702,0.008804853965579328,0.010303378388612538,0.01678886963654398,0.0037062470010319265,0.0008495144106075508,0.004462237452195581,0.0007430885385179304,1.3204430226151231e-07,0.003765583042720249,0.004518514217485249,0.008882681082723932,1.3890155897989658e-06,3.7819728086464666e-06,0.004100220016612217,0.010423900366099867,0.015147888129526664,1.3517392176586741e-08,0.028974483124050855,0.006383548118021347,0.008268399462552182,0.0009695483192917983,0.02295002957210807,8.27853793525787e-09,1.1654725162959511e-08,3.78348320493623e-09,5.298907160117994e-07,0.010998920156193241,1.310316435526053e-08,1.2774610131873752e-08,6.335633070227988e-09,3.697088229362193e-09,4.81024178781113e-09,0.039839059503219254,0.049587628410208674,0.020914732899461646,0.021482352989298698,0.013559715294467095,0.0010109680042822856,1.1390695731923904e-08,9.286441409959756e-07,1.2251189158451274e-08,1.2605885004759379e-08,8.980670619542625e-09,1.719554726252835e-08,8.088858072284835e-09,6.02222369563884e-08,0.004933125890416061,2.999252004607735e-09,0.007413354805748247,0.0022930310130414295,0.0009568527496836013,0.004664698528021233,8.989032472765661e-09,0.006530591783291476,0.019056420990494205,0.006810507107339025,0.05906482526804686,0.0021581167816529,0.0013019208277482012,0.036207556252977016,0.014162180956158748,0.006631637587888841,0.007812667450912752,0.0028946705216751864,1.5206799255496703e-08,3.713739135371349e-07,0.006895328048930138,0.007386404108989024,0.015985444351428353,0.0030387574926506985,0.0037095766848361028,0.031443192231149365,0.03413635063791567,0.04339547660655821,0.03170898689668924,0.01097201220614858,0.008591824651127495,0.0392892468561957,4.2413295673949e-09,0.0037703030205266685,0.04156521809970648,0.010397990827417854,0.010921455187681003,0.015893913399085222,0.005952532684720674,0.00644711602946104,0.010756563579797788,1.4490932676659458e-06,0.0009990826961424708,0.007604079203454759,0.005502484268663293,0.012423369743527727,0.0014212554725419276,1.2478067489310741e-08,9.648654771259103e-09,4.192204554652547e-09,0.0016052737547423378,0.010224458739214346,0.009905772384759898,0.0014161592926602992,1.6994838810915435e-08,5.794017779290418e-05,1.9515029676178823e-07,0.004779669251729081,0.015000701561845185,1.5835816207953442e-08,2.9849489198793615e-08,0.0031162280536660685,2.9032528468073046e-05,7.204005882558478e-08,0.004589003780133044,3.2188196664541e-07
0.030877027348411672,0.035014396222138304,1.0066548807949338e-08,4.53189433306654e-09,1.0523307601727212e-05,0.015397780939143221,0.0080994490650395,0.009679320082307319,0.016743100968275873,0.003285051122085108,0.0004540583813181534,0.004220554851255417,0.00026251795300293073,5.3613225444423345e-08,0.004632967389229958,0.0043306910169389765,0.009965881293227547,2.913208867433042e-07,5.638802483575778e-07,0.005194552235666772,0.01139395170166194,0.01565170098953315,9.463182574594066e-09,0.029981171617277844,0.0050014672328894255,0.007413299015958961,0.004601980598866303,0.02433147974369265,5.396727637912917e-09,7.889055185080512e-09,2.7833629432368877e-09,4.37966014021232e-05,0.011878671341267579,9.071716647047681e-09,8.75308102923733e-09,6.206100863656948e-09,2.714890902801281e-09,3.503312941837883e-09,0.039985780717792296,0.05163484246931006,0.0234204568906393,0.023841986543136743,0.012358885518098953,0.001390369545394315,8.218691917153984e-09,9.833531830848558e-07,8.319937529674293e-09,8.94136901608266e-09,5.851458826330746e-09,1.2804292824229635e-08,4.7241308919433446e-09,4.176582597113894e-08,0.005287971917277422,2.682500701033808e-09,0.007253444431551383,0.0021199443955040123,0.0007512854684717416,0.004626212542891163,1.0829159536259735e-08,0.005618629817873639,0.019285585014726995,0.008004025149458317,0.06004665602256419,0.0021323668878486623,0.00022123274803441035,0.036014459130824954,0.014459034862016122,0.005339837398354964,0.008897840068962319,0.002419688225528311,1.7160366210116214e-08,2.405462148588054e-07,0.008036599866852906,0.008215042113334587,0.013701975892550391,0.002379596257141006,0.002892097460425502,0.0345801915044871,0.03111732150414439,0.037375213371220156,0.03183072731545756,0.010467365593039058,0.007990078401994423,0.03803392330775117,3.4313230749634757e-09,0.003872821759982384,0.04055110838272938,0.010292092154772966,0.010822681022229394,0.015736471737475232,0.005823096711048474,0.006081410958691224,0.010515040998137706,8.455147815236285e-07,0.0007377248246605676,0.007763592248816628,0.005559603579387979,0.01205054641156599,0.0011429956057019072,7.569194356875664e-09,7.325442824904815e-09,2.8410350840342603e-09,0.001700790904182471,0.010056742658028356,0.009276486404451386,0.0003639581289271669,8.072290229822332e-09,0.0005819132046662225,7.00615026062655e-08,0.004509716610283867,0.013961459168144985,1.2384480253902427e-08,2.4065996181586057e-08,0.0031541871681819243,9.669839459351873e-06,2.759681271660661e-08,0.005236353073726919,1.4381767185359385e-07
0.030617482418335555,0.03470190630008478,4.735243042697225e-08,1.3589586003604962e-08,1.1298150683896297e-05,0.015068409185969892,0.008416048288762431,0.00994551584626897,0.016325799338751744,0.0027656263825717453,0.00010598089039655885,0.003671698090883485,6.451036032470512e-05,9.186635332963654e-08,0.004568499895693826,0.003775783192685813,0.00950339106067295,2.724450157854039e-07,3.3998874774739574e-07,0.005155184077437054,0.010526149182155855,0.014410645271963339,2.9249411173255475e-08,0.029496289228811822,0.004332229578369702,0.007098023522710277,0.004186296799197093,0.023902109180853795,1.628405340302228e-08,2.3885502738900076e-08,7.472247317327586e-09,1.0897573541823242e-05,0.011277680433676282,2.7917443903087156e-08,2.6844040347123133e-08,1.78575363146494e-08,7.273598136043657e-09,9.548116539071155e-09,0.037954541662968765,0.05080627137583947,0.0221088288802707,0.024320330982682364,0.013103062456898908,0.0004165586094010776,2.083294168285588e-08,7.280469444688669e-07,2.1344192484562913e-08,2.3141338328178343e-08,1.548007395625659e-08,2.973020590067718e-08,1.4127035970952538e-08,7.727575711646188e-08,0.004712997627825018,5.601494485226552e-09,0.007261834508772335,0.002652164554475975,0.0008891953695027505,0.004404254340735958,1.8488111877290674e-08,0.006634145415436389,0.01917919460083179,0.008518569162992167,0.059075200329156474,0.0018047492523654714,0.0003812317107871379,0.035361958112775115,0.014301382225458625,0.005535426458867295,0.010000087971293042,0.002423607658782749,3.482572820254387e-08,5.82257252695616e-07,0.00858907242911185,0.008928595030449482,0.015107765223760283,0.0022076450179719957,0.003152367906419265,0.03356311343647391,0.03232577986293886,0.04176539677946532,0.031337155818703125,0.010224884124890428,0.007939776642946051,0.03892581804467098,7.540213447589043e-09,0.003863713342210763,0.04135210963842431,0.010230693091119536,0.010680469299531483,0.015812114765571657,0.005752179839647014,0.005877498077842077,0.011106133906121638,2.8937448846567153e-06,0.0014768793310873994,0.00769654557988686,0.005318424562713225,0.012629310532492125,0.001668175252811585,2.65604786556434e-08,1.9390438948055325e-08,6.827630758665677e-09,0.0016838004569023127,0.010031543171580034,0.00948698151238591,0.001070120548672776,2.4153203595527888e-08,0.0004375114842779684,3.2080823397790925e-07,0.0048146624701466,0.01523253906844423,3.439057536417213e-08,6.947692004996299e-08,0.0033123969336200337,4.4473949449403646e-05,9.53114386694157e-08,0.004564753300987215,5.511181710590653e-07
0.023324870426396145,0.06817786780760086,2.7232401381760495e-15,3.213455542392953e-15,1.2740644138287889e-15,0.010600717678722045,7.894824258109181e-16,3.746821582694595e-15,0.0201304478012257,6.372984784228233e-16,1.921398291692115e-15,1.3359017509451494e-16,1.7515313573059913e-15,2.6847244662898755e-15,6.927623477586589e-16,1.8221418080549602e-15,2.1150256148421564e-15,1.9321872647265233e-15,1.936982143657117e-15,7.8485235618227165e-16,2.6230418025583716e-15,3.3482834188197095e-14,1.8846308118730326e-15,0.04256290254730495,1.4520373188591583e-15,4.985494213831837e-17,1.2421076819108223e-15,0.028195964128559337,3.2966017309071483e-15,2.496582951585744e-15,3.3750328610337204e-15,1.602476283303263e-15,1.0779989918764476e-15,1.899127348967462e-15,2.095381409868863e-15,2.283370580968478e-15,3.3808255401856333e-15,2.948235613682776e-15,0.064023539553051,0.08235191493593615,5.55428956429583e-14,0.03947457014190638,9.5237627338164e-15,1.4737333117981885e-15,2.5394186555796684e-15,1.3512904397695383e-15,2.710040866135518e-15,2.5134711200118195e-15,2.5819903934650276e-15,2.26178998967791e-15,2.5732009835868877e-15,2.1225189366903828e-15,1.5888581356418836e-15,3.985710082873895e-15,5.123519375969421e-16,2.942315404042694e-15,1.7672024467648916e-15,2.0821463572575713e-17,3.26631487810278e-15,1.5571588629284726e-15,1.794986658920076e-15,1.0683266349054038e-14,0.1408406739411901,1.1151186823632588e-15,1.8014811620241694e-15,0.055382513639730346,1.2320196878230734e-15,5.559959960144938e-16,2.189664051530126e-15,6.990554610548434e-17,2.0958919646538343e-15,3.3257222891251334e-15,1.1747968204175607e-14,1.217806559011609e-14,5.368635944041308e-15,3.6181353999332567e-17,4.660736183628912e-17,0.03348945763960498,0.06296694318220014,0.07399085510667201,0.061648985451486636,0.003189097945693535,4.809991617176851e-14,0.06784538990431244,3.3748011812577446e-15,3.499161924617017e-15,0.08680439199592274,2.398185560175204e-11,0.008057552821665578,0.023526405664461344,7.757323804524263e-15,1.0489005919414481e-14,1.5567415998470835e-12,1.3010323366185258e-16,6.694061471027879e-16,2.5807447037070333e-14,8.099931831939364e-15,0.0034149376480569044,1.19513475299055e-15,1.913952333448077e-15,2.6264195682002563e-15,3.566777116097865e-15,1.5232398751593023e-15,3.79698527862868e-15,4.7504020506137784e-15,1.6020646865343654e-15,2.057401067867037e-15,2.771174100491164e-15,1.8773786159338677e-15,1.7646256100662018e-15,1.2363576741534575e-11,2.4893033063876294e-15,2.9770725830198313e-15,2.3154238177939353e-15,9.361336562480557e-16,1.85269176814349e-15,1.4970931456681846e-15,8.201419930577025e-16
0.018706043091453073,0.06523293632751984,7.291417400803295e-14,6.093233383602455e-14,1.1152146855434301e-13,0.013548738104554932,3.175988020333818e-13,5.114510352976017e-13,0.02385550796733622,1.6806874805588486e-13,1.3181814702811147e-13,1.4257725242960827e-13,1.240875289429518e-13,9.296073338480951e-14,1.757791818098127e-13,3.913865209688238e-14,3.191258508953205e-13,1.252172878942364e-13,1.1928462442176896e-13,1.6967532959711166e-13,3.282913884560776e-13,4.6663768156708696e-11,8.282729719865031e-14,0.042568505729186926,2.100644354623581e-13,2.4005704529968496e-13,1.4349654065133255e-13,0.023758179365776014,7.074294449725454e-14,8.085834126232499e-14,5.960526810304948e-14,1.324686287486157e-13,2.8185345714726653e-13,8.302848799584164e-14,8.327558509274117e-14,7.80305372185936e-14,5.93694871822968e-14,6.398550339483841e-14,0.08140686459486052,0.07128639630055425,3.6963975922209463e-10,0.02361752501190809,3.733685795735455e-13,1.3817918205356376e-13,1.0681763590986994e-13,1.393014121636091e-13,1.0578312202590093e-13,1.0904448554760132e-13,8.67039499374783e-14,9.856294235140844e-14,7.970419949886523e-14,1.0839888211823456e-13,1.606322881274408e-13,3.666792699166828e-14,1.436258908367825e-13,7.598933896347374e-14,1.1023711228751575e-13,1.4623520906908613e-13,2.862107883714472e-14,9.728691969889646e-14,2.4772927768304673e-13,2.7950200170449015e-11,0.14742842867466502,1.0496185470660658e-13,1.1476279033256422e-13,0.06450418596030474,1.5046507072164007e-13,2.114478125476376e-13,0.006740512547767289,2.9533561472519483e-13,6.800597592385215e-14,2.952179814589542e-14,5.937178151116868e-11,0.00041263774670691645,3.5110135198984117e-12,2.849919742034199e-13,2.4828869583959757e-13,0.018003175205983563,0.07276048093667065,0.07976971842214219,0.060233981509326864,0.005734121010178311,1.767774842637055e-12,0.07011516338397766,3.180052491067601e-14,6.471059853233895e-14,0.08809189047117108,3.962133324851201e-12,0.00402763599525038,0.018197371094553647,4.683568714558182e-13,5.76637459556468e-13,6.600181580965153e-12,1.6097694558165047e-13,1.777972418689358e-13,8.853934633962448e-13,4.554329478740172e-13,1.0900719330303162e-11,1.83963938135445e-13,9.764960259300802e-14,8.014023938810369e-14,4.003612999891908e-14,8.932935594876293e-14,3.698334723265337e-13,6.911979973814352e-13,1.0127168641046251e-13,1.122785562418231e-13,1.2498762666690987e-13,1.2095215218637928e-13,2.0990019247228568e-13,3.319023122597374e-12,8.700327730912092e-14,9.402737900183583e-14,1.9129150524729084e-13,1.378979753556125e-13,1.17644937343927e-13,1.0518103208852737e-13,1.0901706840005471e-13
0.033397418810022145,0.07411191167364684,1.614587311050356e-12,1.4175590573046092e-12,1.8468794259309946e-12,0.015889040632103803,4.07974618409168e-12,6.5230500025711885e-12,0.026564038658143423,2.432052447666506e-12,2.0399864018359306e-12,2.727657535731595e-12,1.9571408615453326e-12,1.7115034444535901e-12,3.082919265966307e-12,3.123034252120918e-12,4.836533554795225e-12,2.0974043530276955e-12,2.032798898115228e-12,3.141387690256135e-12,5.382052667523022e-12,1.1228362421859265e-11,1.8275235771310438e-12,0.04750807485205961,2.6313291333556694e-12,3.0979702163368883e-12,2.3391217832007522e-12,0.0399897303804799,1.462099561757527e-12,1.8158071387554835e-12,1.3903839419551308e-12,2.410235908284083e-12,4.8655773305700844e-12,1.8251351078630642e-12,1.8235568296647935e-12,1.4420831766606492e-12,1.387185393652249e-12,1.4138767300463585e-12,0.09339498576145552,0.05463791278302982,0.009350448537826255,0.031518602983255206,7.645670519275786e-12,2.7469476087909354e-12,2.269849538147506e-12,2.6552459005814975e-12,2.1785169442652652e-12,2.307137734729979e-12,2.043583087375369e-12,2.1833415179643147e-12,2.0321018967719774e-12,2.3422858638814826e-12,3.5912599246299006e-12,1.08644602272233e-12,2.937333113816472e-12,1.6196254362656503e-12,2.477387456904658e-12,3.313816695605037e-12,1.0152745910397344e-12,1.8660978428600628e-12,3.9716634951601905e-12,1.2213807515150756e-11,0.14907855914440518,2.8227773243791572e-12,2.4892527004329265e-12,0.05348874981119843,2.605194905489931e-12,4.42848930221192e-12,2.1572507246544405e-11,3.77175156765939e-12,1.546757120779629e-12,1.1157576211333817e-12,1.3231395348856161e-11,1.46306169464448e-11,7.27987362002827e-12,3.7153119966508945e-12,3.747548982361058e-12,0.029641787218702403,0.0692039104331081,0.06623360941610665,0.043932642119986695,0.0021218109944186312,2.275714265893038e-11,0.058751378543997514,1.1679559989871546e-12,1.6145819436398897e-12,0.07872524541469288,3.71946116126976e-11,0.003354542685173028,0.01904611039938241,8.554094938136402e-12,9.47479661535534e-12,4.901813214823599e-11,3.1261421886723325e-12,3.4217754901621308e-12,1.366151377181494e-11,7.943157230242149e-12,5.948821910085269e-05,3.5892792878549318e-12,2.1855010033493243e-12,1.786188800594103e-12,1.270199973412166e-12,1.8100455018775445e-12,6.747300881914455e-12,9.372268525048452e-12,1.7328190256180357e-12,2.3759586185561947e-12,2.4466461623477245e-12,2.5375535248694862e-12,3.731214399071822e-12,7.708160405777779e-11,1.9056297490964123e-12,2.0185275256072666e-12,3.5427361150672937e-12,2.785577023644129e-12,2.4839985603629445e-12,2.038587748636643e-12,1.8681486146764344e-12
0.03162943465996457,0.037256254951981566,1.6247688854621817e-08,1.0111345385918181e-08,7.48999040496159e-08,0.018769332931170186,0.009330165131062492,0.011837044297732828,0.020216125378986614,0.001752672659016106,2.609560221960599e-07,0.002724302618715595,1.8067512404267807e-07,2.4155763267229338e-08,0.003219166714691789,0.0025796006054643284,0.008658270266496432,5.449398354829955e-08,5.616032685141158e-08,0.004023483888474372,0.009807868686607494,0.01460890433166895,1.3574311949364557e-08,0.02746617424314248,0.0051620269672076335,0.004615901373211202,0.0025188888607346575,0.023255050004950092,1.1678193643552134e-08,1.2654053357263769e-08,7.238536684615532e-09,2.0347348935664257e-07,0.011257927503758149,1.364343193739165e-08,1.3731642045631993e-08,1.1707765354769912e-08,7.3866932700436815e-09,9.05699673805265e-09,0.041123007152354715,0.04958818205137937,0.020103648858871483,0.023556630269243553,0.012425454557801204,0.0006136222362704526,3.4325054355116666e-08,0.0023418868776423577,7.868887583377735e-08,3.633152466955718e-08,1.943526361008415e-08,3.684009853101336e-08,1.7256758744000014e-08,1.0675855290787695e-07,0.004999034780006694,9.69997951970554e-09,0.007262390938393437,0.0008505788349598274,0.0011935564834488612,0.005073603204460791,4.938343840921581e-08,0.0049068392751992086,0.01765552272291647,0.009267901552740675,0.05633113273284626,0.003425002599623601,0.0022691493817853154,0.033339317632954855,0.013532633048717364,0.0063812443651764545,0.010211447520062223,0.0035054388990143222,2.00801627064164e-07,9.734719421082361e-07,0.009230208756228132,0.009437376010073315,0.012827941177757337,0.0034434392730087584,0.003962302521626708,0.032268574583874846,0.03887521617922803,0.04209918030849679,0.03191102774471231,0.009737450055223163,0.007221841088403537,0.03846890173231648,6.329256051080072e-09,0.0010692403223331454,0.041203097311514725,0.009636352870514356,0.009870218010534112,0.01488934945116335,0.004919588667496366,0.00534225832995034,0.012574341154379496,3.8495248463197904e-07,0.0013979780568212355,0.007397506369992543,0.004595604539418521,0.015520054545850303,0.0017383763913427152,2.9025003666098383e-08,9.61243246780233e-09,1.6368190428433383e-08,0.0025241525419036404,0.009057590750365834,0.005213176024330071,0.0032989330827541716,2.9889536516691014e-08,3.279740018775615e-08,5.710434073446756e-08,0.004225788671106832,0.020184159776891364,1.2344796973157993e-08,1.5859689429697512e-08,4.246027410039398e-07,1.6125873493529912e-07,4.9676103903725356e-08,0.005208591443321897,5.855470594337347e-07
0.012825228886717312,0.0128082775837101,0.004718064296128752,0.004449136112298478,0.006239900528657859,0.009673189534550205,0.00888093981277526,0.00891187859641545,0.009877071779804968,0.007018133513921925,0.006409078276802736,0.007157563692775302,0.006487319245025145,0.006358515249922666,0.008634217471860767,0.008080960383898763,0.009506492289177182,0.006710382277632241,0.006716033170574706,0.008799997230212643,0.009723969601666374,0.010668642488364867,0.005752333514063497,0.012493632837201275,0.00803900307663892,0.007531863663903029,0.007304982271687788,0.011716032281314341,0.004948353376197743,0.005676002554072827,0.004393989566640665,0.007521068190163222,0.009874499625703295,0.005737335515592736,0.005727492314675663,0.0053071012587105285,0.004327751946628475,0.004525891112598806,0.013948143282910146,0.018041882660886334,0.012003470313732853,0.011110105210821246,0.009579512492461159,0.007414969836949235,0.007102581732988549,0.007779105308913421,0.00704310515611663,0.0071574624896842,0.00610088257567442,0.006323523031238699,0.00615435186250372,0.006794323697007317,0.008462660854494113,0.007136600989715693,0.009350230552545073,0.009160698425312443,0.007982987739159902,0.008468628445960032,0.006663430265427383,0.009744228563390148,0.012033774167944282,0.009973666169126186,0.019309101081488318,0.008175315545374004,0.00736044602334582,0.013490749097746906,0.011646203021852182,0.00875691005697427,0.010024825787584306,0.008495701293310363,0.007374898037848846,0.008043408413930158,0.010013464029388809,0.010056806409454413,0.010166199396418244,0.008357585645622,0.008468496161423941,0.013734926204556045,0.01205009947945611,0.014194488984548228,0.013127742026624525,0.009462739338978335,0.008781061368992848,0.013056519099171555,0.005362868449139021,0.0076269125546936,0.013513795721533073,0.008848742741857074,0.008943735735764327,0.009746656961634759,0.008248197951891518,0.008676405467324117,0.0091873051794704,0.007448109931659675,0.007572926422995516,0.008856641395737993,0.008493932134575008,0.009739878910191973,0.0076443691312935765,0.006743304975838617,0.005543264847014669,0.005706648463451244,0.007598482820099466,0.008796256480048293,0.008900472131699278,0.007556206388794568,0.006932881437815799,0.0065890381527331865,0.006918494492627117,0.0077626581268595085,0.009948992904451523,0.005744950738666978,0.005952216688776993,0.007386919532684331,0.007203130383466382,0.00686485410435075,0.006725191102046428,5.220081073403037e-06
0.03191033842625878,0.04190883373262319,2.4071765520256587e-09,9.280820799594166e-10,0.00119509191086571,0.014324311541038958,0.010436471611461976,0.011230396736457926,0.015293051769123099,0.004748742602206503,0.001616650618696455,0.004993949560307319,0.002144284224371096,2.114819865689304e-07,0.004104713608179848,0.005909505540696231,0.010647847041302597,9.593319493942236e-07,0.00027501883177203924,0.004325136274859159,0.01251123913189362,0.017693954429653595,1.4853453858061802e-09,0.03276577317634889,0.009884829919828789,0.009692315604187512,0.006124338242674869,0.01955815982989976,1.1501938790782766e-09,1.09620866646522e-09,5.143384748800972e-10,6.941757415642979e-08,0.011667603323280323,1.3770181095056495e-09,1.228949487492558e-09,1.2960633234251641e-09,4.940909049095146e-10,6.584121628829448e-10,0.04237171605237011,0.047439218775469784,0.018747509484983823,0.02655439805026887,0.01470671200869693,0.001648554339635606,1.5597288410780988e-09,0.0020615436939100127,3.1762999134652503e-09,1.6259654359807094e-09,8.792452297715195e-10,1.850967997477955e-09,7.255055471163767e-10,6.624940059182619e-09,0.004246161795541193,5.979545750274357e-10,0.007815797103911634,0.001856183181859807,0.00035559825848501447,0.004325076693722717,2.188888619494681e-09,0.005999349675087996,0.01830507074880451,0.008762478342962541,0.05312771879819836,0.0028941460727380194,0.0030982304312006928,0.03240267233022917,0.013240019741170719,0.008054640093816956,0.009848825412481433,0.004498335916686666,7.53006640481073e-09,6.683459755146986e-08,0.00870967288723958,0.009091309017787366,0.013717090919016156,0.0044879323338986605,0.005205736562055053,0.03303631042595111,0.032938084267607026,0.037857494990733744,0.027959397537263037,0.009406173514277033,0.007479486482549138,0.035017744431778144,4.397873083467985e-10,0.0013758403197440968,0.03748874325253576,0.00949894873003252,0.009923713805133906,0.01479425466840297,0.005303123185047313,0.005503502307159897,0.010401571279129966,1.16576519839679e-07,0.0010379838096603938,0.007506237217425637,0.005213884711064761,0.010717917510181434,0.0014476502146736567,2.0527223038720612e-09,6.422053452714287e-10,4.797909666261247e-10,1.1776497409951117e-08,0.008957512234895604,0.00876296626345641,3.91660107152628e-08,1.7475134893618597e-09,5.722435759457576e-09,8.823365079097018e-09,0.005331416193052743,0.011182167611990817,8.905318880269207e-10,1.2304759888467764e-09,0.0021432403789434324,1.253778411814156e-07,4.668052854018083e-09,0.0011786906459505995,2.154584186135544e-08
0.015262684816359335,0.07383519548592384,2.94459568937258e-14,3.647817290878345e-14,1.8495391155466473e-14,0.010546914287638105,1.2138908202497696e-14,4.183201698612412e-14,0.020578948030505424,7.450946762957172e-15,1.910811059875071e-14,1.5287826646279712e-14,1.8452921051253887e-14,2.872196625754881e-14,8.18927455029183e-15,1.453497467073929e-14,2.0663461832485972e-14,2.019408366728242e-14,1.9571637765990317e-14,1.1987984874958347e-14,3.325651172189002e-14,2.1347207894766188e-13,2.4622368299294367e-14,0.03725708516478472,1.5842961651323766e-14,4.49109564062165e-15,2.5739188911502842e-14,0.02647981481684742,3.729962249798787e-14,2.5395845133897402e-14,3.610241387130474e-14,1.8342073345569566e-14,6.159936551638813e-15,2.4782628552751595e-14,2.4913643655939324e-14,2.602139405165099e-14,3.610124054429196e-14,3.313544015965098e-14,0.06514529856250932,0.06411983423636174,0.002496316525222855,0.038570518452673945,4.094378944192232e-14,1.6124027944638056e-14,2.441515764569407e-14,1.6417169850678718e-14,2.7711309420483897e-14,2.3578439063515615e-14,2.8201422248221444e-14,2.5558053903912056e-14,2.7968877025947945e-14,2.2676540468008673e-14,1.2793715481522623e-14,3.1892906712156884e-14,1.0085275737266597e-14,2.874344091674889e-14,2.0009072944942158e-14,5.928043133188605e-15,4.6231512366098205e-14,4.0607067949798414e-14,1.1221718858521856e-14,9.322976063125799e-14,0.14951050794362725,7.575481851899347e-15,2.168762885497883e-14,0.05952368857084467,7.52680167246492e-15,1.600885215651591e-14,4.2541695243902885e-14,5.673540478745079e-15,2.3523774525485426e-14,4.386751221870405e-14,9.404147482019954e-14,9.97659884047382e-14,4.775053326668383e-14,5.476453007485539e-15,3.246042390311281e-15,0.03702908652770858,0.08755486888310161,0.07051366990971931,0.056563912352809616,0.0031397786907459246,2.5157571899885053e-13,0.06305551857561406,4.727263115993935e-14,1.6184382204850788e-14,0.08320065873473313,5.879432954692402e-13,0.004358239668606672,0.020701813351125663,5.5516121602821046e-14,8.313196798327003e-14,7.495346319823226e-10,8.653716761828047e-15,2.2367715261584308e-15,2.010111876846788e-13,6.784429302046242e-14,0.008924738432888168,7.995905147947994e-15,1.8126548245338487e-14,3.1910487436693676e-14,4.142327172256849e-14,1.515358331535317e-14,2.9185399567095326e-14,4.62484685494092e-14,3.020305894806854e-14,2.2075204634914022e-14,3.382607622764217e-15,2.2851296378799813e-14,3.6482848131557444e-16,0.0016309072265121279,3.120388372037813e-14,1.850164411767382e-14,5.188035999769804e-15,1.601794740195572e-14,2.5357993175164264e-14,3.2765857842037694e-14,1.0709887475252401e-15
0.015355526790260086,0.06757986708735743,1.0424821342297558e-15,1.163116604008552e-15,5.980996750970436e-16,0.010160487246658276,2.3628230723559077e-15,5.6611723360543955e-15,0.018825721903215475,1.3296658730463449e-15,5.890796547289963e-17,9.048648856732553e-16,2.8521484026573585e-16,7.349487970421386e-16,4.849546082188161e-16,1.209938645462194e-15,2.8525436219345052e-15,4.0153516741812047e-16,5.329951547484248e-16,4.489112352465073e-16,3.731014088070146e-15,8.496015032639863e-14,6.78552646037375e-16,0.03808813363319687,6.102602538933574e-16,1.1869587257328736e-15,3.202879122034583e-16,0.03401337190108344,1.0503363256256078e-15,8.377775681238674e-16,1.338143019685079e-15,3.1165325157145283e-16,2.1738434138665067e-15,7.50629623794612e-16,7.027576056786274e-16,1.3120960276080184e-15,1.3538011986908421e-15,1.1273696629231981e-15,0.07200307605125605,0.07970392752149008,0.008266013084647016,0.03517693489724961,8.322113283576753e-15,5.553636517822524e-17,5.761409092788216e-16,1.6323261128082296e-16,6.974396923512059e-16,5.327627410506978e-16,7.449277387986554e-16,6.002509051663908e-16,7.684372238450372e-16,4.46777778827666e-16,1.0036808060833685e-15,1.8352819324076182e-15,4.443180197308162e-16,1.2526586691828399e-15,2.2677062664451247e-16,8.494861157826683e-16,1.3429252231783332e-15,1.9840776644385104e-16,1.0783517039902333e-15,1.3912874438346378e-14,0.13421977499692717,2.1269784510364013e-16,1.0404063035976632e-16,0.05034575561400053,3.2571321613794205e-16,2.764689454288986e-15,2.365618752412709e-15,1.379325601696168e-15,1.1371760425129117e-15,1.5275539222511996e-15,1.562903098159816e-14,1.3730872215395262e-14,1.0348620730616288e-14,1.258783631278821e-15,1.5151318656800098e-15,0.043164751080415606,0.07007674411925488,0.0795834414014637,0.062494524306783025,0.006816135964274257,3.228102141887426e-13,0.0627333442550533,1.5600534150870174e-15,1.1512694440197212e-15,0.08375835221391274,1.0063616985771986e-11,0.00940450899184449,0.018229606926851827,1.154211727967241e-14,1.4039556675875668e-14,9.625078073091301e-13,1.5355243516740032e-15,1.9875591362603126e-15,2.950658178799979e-14,9.902830530470315e-15,6.09300416085739e-13,2.2055227298822746e-15,1.1426635175828753e-16,7.609711078516028e-16,1.3200557908891492e-15,5.337630223470658e-16,4.072699626284217e-15,5.380709429856204e-15,1.18457870398059e-16,1.0756163129643693e-16,9.49770817084777e-17,7.098992493306074e-17,1.6939904649862908e-15,5.454402405948263e-13,7.077067020561571e-16,3.809271712815717e-16,5.473670292615032e-16,2.072854557319317e-16,1.5982281018985095e-16,5.43495440719749e-16,6.106736480861859e-16
0.031117183473401967,0.03423554685328107,1.3862202187439079e-08,6.42146371279221e-09,2.323759924279888e-05,0.015563644062498673,0.009108689081701371,0.010673439435901958,0.016390882444160686,0.0033933039329290295,0.0005894070926043124,0.0041903988379153045,0.00039010959942473557,1.235206252919277e-07,0.004924515608879259,0.004560816648696572,0.010399784740947736,5.441716683692563e-07,1.4367358288421929e-06,0.005509355802053094,0.011932126562060589,0.016286935325969983,1.3231757617696265e-08,0.029491022506267242,0.004879483119932991,0.007271913098478065,0.0041025293812324455,0.025390976506356324,8.346944230155156e-09,1.1061556121693317e-08,4.196664365302429e-09,7.557516754441254e-05,0.012216915737218064,1.2693826538246183e-08,1.2254025407885164e-08,9.02213470813006e-09,4.120958364646274e-09,5.307878673555701e-09,0.040115643382514006,0.05183146377871167,0.02395182826693491,0.02382934043731218,0.012792218311432978,0.001428839412929379,1.4937379173725715e-08,5.954185572225882e-06,1.5090378345537528e-08,1.6465975383849026e-08,7.69935677094359e-09,1.6642144862272318e-08,6.408531015118106e-09,5.555977741199146e-08,0.004915755565018478,4.7880674055253775e-09,0.0072549258500137345,0.00242594942244094,0.0007683398638909394,0.004358468514663996,1.7534945671075802e-08,0.005151624349973358,0.017114347778714484,0.008054777854317633,0.06043378574540397,0.0022334409239390604,0.00031124294129340866,0.03348989077361769,0.014742630699172761,0.006068202717081151,0.00979279773317187,0.0019979546823077985,2.1177580542770998e-08,4.181088242256839e-07,0.008415964691100298,0.008781957412022033,0.013390530608255199,0.0018231290431125755,0.0028383849796212316,0.03260733410128565,0.03396299240631378,0.044669273008118876,0.03366540757134914,0.011244417446362422,0.007950582964086904,0.03850577264723925,3.3764091810600845e-09,0.0025529887084360502,0.041141518749098514,0.009457037624465026,0.01004143655492306,0.013887274323104073,0.005528850045687169,0.006230719062195979,0.010992341860570215,1.928119156083123e-07,0.0007420008166559886,0.007554606581869154,0.005301785190097649,0.012764569673739304,0.001003948830476715,1.0147663779458035e-08,5.814002950595047e-09,4.005344631993662e-09,0.0007952475780845392,0.008652812544472104,0.0073585338124798885,0.0013679342482110122,8.92153622509166e-09,1.6408813031689088e-07,2.0891440749659386e-08,0.004006337144804954,0.015033558772563287,8.2789788920598e-09,1.226394653779159e-08,0.0008895127936023809,6.19087512051892e-08,1.5082807608600543e-08,0.0010505150280251396,2.0041702032173158e-07
0.031071908387624025,0.03319576286420388,1.1551291748326435e-08,3.81049558417435e-09,6.127673568404519e-07,0.014897613877373879,0.007151582902562168,0.00946093355167538,0.016002811683141546,0.0024029276636880733,5.155729241217104e-06,0.003131017644086313,3.2121848422793788e-06,1.2303734324740099e-08,0.004232236569703155,0.0037378411018486714,0.009540964451104507,4.237061635709338e-08,5.02392197694186e-08,0.005389926064272462,0.010594231258439656,0.01476464466219953,4.739906870571873e-09,0.028621933211593953,0.0046081025431083155,0.006565810896872062,0.0022594818529085388,0.02329751622857028,3.957585311785238e-09,4.1271652339532066e-09,1.8540154587552566e-09,9.620639095434341e-08,0.011554008676803786,4.3178142964383105e-09,4.316819426088206e-09,4.4186957252104545e-09,1.856252550746166e-09,2.413046041909421e-09,0.038661664500246704,0.0516716762616013,0.023134744648426808,0.02403755798221168,0.012793786676588523,0.00016655950176881092,6.577206385069809e-09,1.4125349964121899e-06,7.669848362593114e-09,6.885885749801683e-09,5.358972893890705e-09,9.946693913416894e-09,4.8883601199773195e-09,2.4051670765693045e-08,0.004821380000108573,1.8718150298881005e-09,0.007389918066424101,0.0026972205164870425,0.0007775010675546081,0.004443192849116544,7.565580446861522e-09,0.007068081315544976,0.019876077870410642,0.008320596982122687,0.060759051907883506,0.002185107352756784,5.5506581984049894e-05,0.037059187472442044,0.014995811481681984,0.005354007360806179,0.010072756144711913,0.002255602719747314,1.3664129271340563e-08,2.782561715083169e-07,0.008446125883159055,0.008843974882059909,0.016610377096767888,0.0020302128042418532,0.0029928062067547043,0.034352637370306256,0.0326509128194698,0.04303838524902987,0.031825277446498136,0.010094151592743298,0.007721693279786312,0.03948119052752484,2.955341962094213e-09,0.004310136378032261,0.041910405288099806,0.009705921765621585,0.009938676948696141,0.015050267377207164,0.005315169520643127,0.005630758995761949,0.011295642652932595,4.3394893315873184e-07,0.0015158322568921106,0.0073040404536114795,0.005082601083263613,0.012554261136699604,0.0019292169218561687,8.2780268466788e-09,6.300229907720301e-09,2.4767338419512406e-09,0.001904000273483313,0.009944466516767824,0.00988537704550499,0.0013727557288466207,7.61708318034361e-09,0.00022902906092501854,9.715826917565678e-08,0.004289366665360245,0.01507357532705797,1.16777916009826e-08,2.289371271570711e-08,0.00309594430919456,1.4504252726709908e-06,2.950554313645017e-08,0.00348329821926539,1.838907686909955e-07
0.017999675613380912,0.06560465802924781,1.9144550963059833e-15,2.358063850440166e-15,1.6366640136361511e-15,0.006863096320892168,9.799363840847213e-16,3.36943729209387e-15,0.01717237047876652,3.531494744513799e-16,1.4875076137229756e-15,2.6225348716247115e-16,1.1504683332325053e-15,1.6435661949661996e-15,4.147807022037522e-16,1.2904489358509893e-15,1.6386996674309487e-15,1.2613882903073754e-15,1.541826388953458e-15,4.875290634770595e-16,2.5506952963093622e-15,6.090610662735824e-14,2.1720760526302945e-15,0.04576473003228578,4.518518755976767e-16,1.867108306930667e-16,7.30831144559394e-16,0.02282654060539448,1.3937306405177698e-15,1.3610494216255418e-15,2.3383494280734663e-15,9.667420740041968e-16,9.280676158360458e-16,1.7810806932534943e-15,1.6162299392924056e-15,2.352873408841119e-15,2.364949148265217e-15,2.2904034645220726e-15,0.07681511984728044,0.07074124872428303,1.653723965577474e-14,0.030903785639917133,1.2370526549607548e-14,5.903897655528904e-16,1.638620277348521e-15,1.430804050374642e-15,1.722279137252118e-15,1.573092279335827e-15,1.658251444313375e-15,1.4420848467380364e-15,1.6878547708586364e-15,1.2359895594241076e-15,8.491864498341193e-16,2.5110630793275715e-15,3.9117094789030666e-16,2.529008372728343e-15,1.1850179097571703e-15,7.788160459655239e-17,2.30577218815532e-15,3.100723763322681e-17,2.026300257714943e-15,3.315447871440769e-15,0.14266754549636745,7.369316961026337e-16,1.1129464120780114e-15,0.059410190137631436,6.049830155960971e-16,9.513136639694867e-16,4.035394659905077e-15,2.651913373530658e-16,1.918837188491936e-15,2.6602263808153174e-15,3.3845698502430596e-15,4.402675027664297e-15,6.567974557002177e-15,1.5808888268514797e-16,5.731030066118495e-17,0.04154391418313172,0.06952312892029781,0.07545912679838536,0.06646557208857622,0.0027211447372712566,4.395886021367203e-14,0.0693720235489171,2.556165010887978e-15,2.223352746989421e-15,0.08826717315481829,1.8019411826308392e-13,0.005938571590208804,0.022258136273368003,7.255104370002449e-15,1.233398564805559e-14,7.825304491199697e-12,6.641812942234052e-16,1.6531977139933537e-15,2.7982104279279676e-14,9.693140925936276e-15,0.0016822477712062317,1.841894761285759e-15,1.0081184271927815e-15,1.8753230973332795e-15,2.6046508430905907e-15,1.534633597189526e-15,2.7264028268041333e-15,2.627878193703526e-15,1.6157870064688783e-15,1.4677115772850424e-15,1.783197057875984e-15,1.3671892367746737e-15,6.315453553947678e-16,3.8581066002092175e-14,1.8400225785690905e-15,2.031891979440797e-15,2.8433245520448027e-16,9.085233074643074e-16,1.3607736904833877e-15,1.5523892769295906e-15,3.5949144902622964e-16
0.030817732880451244,0.03435213404769752,1.8905573538997614e-08,6.241746573133464e-09,1.636356248281001e-05,0.015340606460360421,0.008804912064540154,0.01020732058912829,0.01617766692683226,0.0029833265396785086,0.00023634670288688345,0.0038669089173410686,0.00013527687507545566,5.0717117559703434e-08,0.004732359287972531,0.004448618259965416,0.009991809346690007,1.9634136830640716e-07,2.764604855015624e-07,0.0053155731251584605,0.010891941324961891,0.015184363027938807,1.152354091278744e-08,0.030222982067103506,0.004716138446508135,0.007086422535270532,0.003604652336577012,0.02477253230405472,7.372981856954567e-09,9.670774365350983e-09,3.471452165761315e-09,3.9853156081732535e-06,0.011701502085174014,1.1798815444089198e-08,1.0989337608945416e-08,6.586848473119963e-09,3.431594723031308e-09,4.421483838197523e-09,0.039058671759699404,0.05102533096421829,0.01861188411211486,0.021002125893284398,0.012349664426214716,0.0010492335688490934,9.446119897348619e-09,8.185254486328582e-07,1.0009638448793596e-08,1.0682381374233362e-08,7.588309212766984e-09,1.582104038731831e-08,6.8322626408267595e-09,4.483595864955113e-08,0.0044699043444518215,3.0437517993455803e-09,0.007897659221485805,0.003383943884512687,0.0005468624273340597,0.0043006392864596114,8.878036490827222e-09,0.0074590110676984464,0.02028467381463413,0.009231164702081147,0.05975802135695036,0.0019440240043426752,1.709110656156413e-05,0.036293455476497795,0.015051518974827772,0.004443692835072184,0.010636709381299155,0.0017709415277262549,1.486792289255204e-08,2.8779165561912304e-07,0.009413932697610473,0.009651129177127127,0.01565825852566289,0.0014607452968721068,0.002182926278496368,0.029575309769750074,0.03315895350668862,0.04125622709093066,0.03244342856537544,0.010368687528263582,0.00777080387837925,0.03950796645265768,4.036054984808543e-09,0.004099976833243607,0.041940366643119315,0.009916899855013752,0.01044865799440142,0.015528848768269259,0.005522429239530541,0.005922878589316262,0.010848623370317983,6.318209102588998e-07,0.001235004034415147,0.00726894060633322,0.005203901942678638,0.012166276036757009,0.0016445669303505443,1.0984036956771976e-08,7.753175194062444e-09,3.523824149015305e-09,0.0015326547507231688,0.00984992286029207,0.009065564145096794,0.0011325244674641923,9.438342830793545e-09,0.00014322235169616056,6.33367568628789e-08,0.004498508364765476,0.014918716916711646,1.3441232012757594e-08,2.5157798362120106e-08,0.002780660376313338,1.637835314054935e-06,2.9017230765484276e-08,0.005680212404017775,2.8198526102290786e-07
0.03228278361642921,0.03084279181996349,3.068718164489811e-08,1.0803976004126018e-08,0.001179665587872425,0.014174515624602618,0.011002963047789973,0.011467497258089538,0.015055869026686612,0.004290305645076643,0.001140663951947514,0.004691286452602298,0.0017324184977766202,8.479563568627098e-08,0.0030363891528233313,0.0034543039154933575,0.00859984607441443,5.127806748792532e-08,1.2099175541005422e-07,0.0029893059567758476,0.010300105810722937,0.015011647530274286,4.350316550660207e-08,0.03131779445645328,0.009636857218300132,0.00914923686439154,0.004644445246499924,0.019404758371803374,1.0039441147224092e-08,2.0028542203733235e-08,4.349150935739248e-09,1.6037495547407222e-07,0.008356106135654455,3.8169455686938034e-08,2.7031230447086025e-08,8.610902596071844e-09,4.071175957982086e-09,5.537685609764564e-09,0.03438831336324625,0.04256914059908538,0.01724196285698639,0.02651933456977992,0.01573248402147176,0.0034761366632492605,7.839107211745883e-09,0.0011534244348571894,1.339771000576375e-08,8.05722090298379e-09,1.2316146445102135e-08,2.88990446098439e-08,8.414934032892738e-09,1.414356197999703e-06,0.0047313920670434845,4.527923203137169e-09,0.00744922669103252,0.0023683238381846782,6.358842953835108e-07,0.0035313495141421195,1.8971333223889484e-08,0.006719318927174496,0.01963937096544384,0.010085404347677412,0.04948250440755462,0.0049890051016777985,0.0025470876279123063,0.039818004623682936,0.014452287320637783,0.0079313713224369,0.01101534861274155,0.0048459082160573165,3.372155209225682e-08,8.136823865065099e-07,0.01024065145776146,0.010461208274031096,0.017755335584530837,0.004508851188445005,0.005355532285892554,0.03260271770566884,0.027966395944258194,0.036409048343681576,0.0278604312381047,0.011454017290809108,0.009277896472597193,0.03836530895830167,1.2171151678993486e-08,0.005455296779616416,0.04023981687041715,0.010014512621992126,0.01033774893416408,0.013943226201856222,0.005922489074400068,0.007420557528933567,0.010168954237798044,0.0008573574344043705,0.0016121599352486092,0.008289826942613241,0.006210088155690312,0.009548217314169232,0.0018216126564546884,3.410938682763057e-08,1.969432199429964e-08,4.9090201481780595e-09,0.0001609731375880937,0.009279479882838058,0.010697848815390794,1.0274446291834796e-05,2.8163170429219292e-08,0.0016757234900748555,2.3339777644982936e-06,0.0063999030070855875,0.008684166329454695,4.077572127717458e-08,1.3080344829728725e-07,0.006129608519645103,0.00047009893843695993,5.202283185718489e-07,0.00793745579530569,2.0567905135134132e-07
0.01074878151737185,0.07245409108635774,9.36295917804694e-15,1.0395093069728574e-14,4.796669248105179e-15,1.5077207638314306e-11,5.251994021587996e-16,8.488613464251888e-15,0.010450229395202881,2.3113290386147447e-15,4.430063540096786e-15,2.8948271452930503e-15,5.305362972117848e-15,9.219078654816107e-15,3.2658239233122762e-15,1.5751180614657351e-15,4.7419293083151815e-16,6.723215714683162e-15,7.110393632388572e-15,2.9548490677988146e-15,1.1499552780894393e-15,7.409040527506501e-15,4.475704264680116e-15,0.026969143260419885,6.454816924110906e-15,3.910626138167314e-15,5.938373036566849e-15,0.018942666311370187,1.030951644720295e-14,4.81724126386772e-15,9.958265465899074e-15,6.012444759496122e-15,1.783983109879394e-15,5.060163879835114e-15,4.9213937987034394e-15,8.566330687225199e-15,9.973305917784238e-15,9.733721066604934e-15,0.05625704490702596,0.04462846354141509,0.04151067382061115,0.05325097802987031,0.008937998766485836,1.2152520882916792e-14,1.420117825654335e-15,1.2044892414817487e-15,2.0878219513702484e-15,1.2669358179047955e-15,2.0984025265019642e-15,2.0191746394292614e-16,3.256279671424403e-15,1.8564756118855197e-15,5.05238042364729e-14,7.179638869938186e-15,1.812386365624564e-15,2.8101527917398682e-15,1.341137561531306e-15,4.0237928569190266e-15,1.1254382221195147e-14,8.032304530851689e-15,4.2051252767214584e-15,0.010285303569704274,0.16184503526590174,1.6225254965950454e-15,1.3055807656054532e-14,0.08333972011565205,2.4570611127257108e-15,1.0718472947058435e-12,0.011185730317588528,5.0111327040448794e-14,6.8872278206000945e-15,6.957671953617198e-15,0.009793140615368248,0.009497392161808988,0.012561329577315566,5.1129635509445945e-14,5.612360352292653e-14,0.03225390149635767,0.0811530085213869,0.05782273843947031,0.041005009474091476,1.3371698731140157e-12,1.303220657916241e-13,0.05865562443662799,8.909758015114885e-15,3.922718032285607e-15,0.07452797873912681,7.910327165184846e-13,0.0037161135745962066,0.008207903038442346,4.084035847766859e-14,6.04548037158546e-14,8.121029545391373e-13,5.078805299873279e-15,5.4573841638649005e-15,2.9852042242579785e-13,5.565810755175321e-14,1.0041038614075524e-13,6.1773931688191646e-15,2.97254711536859e-15,7.59981349208722e-15,1.1214566427552666e-14,8.632682098808817e-15,1.2431745972554507e-14,8.473890136356732e-15,5.098432777179934e-15,3.854226359395755e-15,6.68776307367831e-15,5.663586776992084e-15,7.259434972988265e-15,1.8737361197890128e-14,6.442299828583675e-15,7.058604617343924e-15,4.184465928802903e-15,3.9687225041664595e-15,5.2516427217450374e-15,4.842638484564549e-15,9.338253017560353e-15
0.029768158769813938,0.02843909624367113,8.193279589068187e-09,4.56525334182817e-09,0.0017226408036813041,0.015441611226806332,0.010473901055852677,0.011793712517294781,0.01614007850253229,0.004384270501315105,0.0020027451109274406,0.004916460067504342,0.0021734161175804728,1.1132576929764392e-07,0.0032732049577572997,0.006502070457362811,0.010892985751223801,1.5051963006555557e-05,0.0007479888880491163,0.00366201792514961,0.012810610240192543,0.018483312807748287,6.051681726194657e-09,0.02512941697195224,0.009692672913814713,0.011260922236792965,0.006578953363849127,0.028438045759767105,5.612516785183022e-09,4.8557864517576094e-09,2.348438732116201e-09,1.232794112511926e-07,0.010854260052721967,5.703085051449271e-09,5.351200922101825e-09,6.8059696916741005e-09,2.234236235936495e-09,3.1653641651001267e-09,0.026788710338381257,0.03792651468347566,0.01622620656319199,0.02517020756457403,0.015007449583164065,0.0030009147507193044,2.9033182197198213e-09,0.0005013593735560402,4.868811694944298e-09,2.9404829736906375e-09,5.338937560362652e-09,1.1512693185381404e-08,3.6921850224536617e-09,1.335279377255946e-07,0.004481394700391841,1.79704405185837e-09,0.006067751447046893,0.0008247670287351853,7.578888997042378e-08,0.0027524976839980505,7.40279885901526e-09,0.005201100895636084,0.018004825146697566,0.009923139141201904,0.048378783870315856,0.004438147276708833,0.001312101087646223,0.0392210463658153,0.014335886124887664,0.007253106766016849,0.010893568396138755,0.003947911088334858,1.5364935329166666e-08,2.37704711082438e-07,0.010074879301378696,0.0103827462556499,0.016704346999077076,0.003856642804975556,0.004238545275768323,0.02937486090988654,0.03727988901540479,0.041005773645814945,0.027587949313084677,0.00970270276478104,0.007748221821368742,0.0392676705874709,3.825842316149629e-09,0.004702040402809037,0.04148701566571087,0.009132460602978442,0.009207144788993947,0.013787784816062522,0.005801521109731435,0.005663620393943052,0.012159821408169421,7.35226338275064e-05,0.0035133651646361698,0.006726403477319176,0.0052118270994968765,0.012228840274448819,0.003656458960818967,6.747949629578518e-08,9.639374368821853e-09,3.1359814575478835e-09,0.001057417250502292,0.009056853153119044,0.006434189868228678,0.0009596642238369503,9.870356778325755e-09,0.0013256546836098503,2.1943372286985818e-07,0.0061950968117239075,0.016878543953635312,1.9380871105634626e-08,6.845351481816839e-08,0.005205005302328093,3.370646595602146e-05,1.391935621965886e-07,0.005021405085916237,7.987707268199603e-08
0.029027518495004557,0.03794081011151163,7.644396945045545e-10,5.298553383906586e-10,3.195356439931834e-08,0.015672637641520232,0.013558967821529147,0.013550474665422424,0.016453256813182646,0.005520824090494926,0.0015552185300562755,0.006091389985528548,0.0011583167980656849,1.5184320348013352e-09,0.004250428851949861,0.004911579441081132,0.009486111498297587,4.8543211082754905e-08,1.9218340057246367e-08,0.004458390552549557,0.010956611135959835,0.015210744659448156,4.98802280934522e-10,0.025951207803274545,0.013757087037752216,0.014013635301992759,0.0024009504491098593,0.028076121644243217,5.11023573027349e-10,4.822867380071201e-10,2.936713476022222e-10,3.910993038424212e-07,0.010703640966282017,4.984458318342538e-10,4.98350766849153e-10,5.369500127726304e-10,2.955756261932214e-10,3.88336976706696e-10,0.038899555614777113,0.05150533959749068,0.030853266477101626,0.022817560207571114,0.010966773763545245,1.0173686515666754e-08,1.3728918816300035e-09,3.3824436638161274e-09,9.48334934833154e-10,1.6586098686231475e-09,8.343186258233556e-10,9.885021429781168e-10,8.280003716696081e-10,1.249021590137228e-09,0.003783876894831596,3.701405023557337e-10,0.004914347352258436,2.2377545495222313e-08,1.770407432012895e-05,0.0038338756932214148,7.0732821156432316e-09,0.0017817411842584283,0.01468023047777219,0.007090958757722493,0.057947917314523804,8.948819764500018e-08,3.020791975095691e-09,0.034506470763038484,0.011503670472884687,0.003472902914240908,0.008651050955175444,0.000668044362837268,6.724202134166672e-09,1.795207062979908e-08,0.007193745870393621,0.0075490541230490505,0.01168653524754945,0.0007575051267890308,0.0012638095659845184,0.030187824925480597,0.031086448517207294,0.040655241742864986,0.03040210582294136,0.013078685473594413,0.010755256733888678,0.03683521754205105,1.0060686719357665e-09,0.004679081456381182,0.0389299829661273,0.011444820739883645,0.011844050016230685,0.014113365226452235,0.007736893065741022,0.008543540876925496,0.010043047309835598,0.0010633143293274575,0.0014417032552819205,0.008920432437323034,0.007034403474389034,0.010159378769634705,0.0016680250393630615,2.691669898489286e-09,7.072997030868172e-10,1.0865966552925035e-09,0.003891715737279739,0.009288879243434993,0.009611450490238512,0.0030407661114373002,1.6101566966396183e-08,1.93624481813213e-09,1.612086650417025e-08,0.005608751035089892,0.010822442101440602,8.090455000857931e-10,9.162107161568296e-10,0.001258886821643171,3.565308141031127e-07,9.297371405886824e-09,0.004801315507859423,3.8848673279925355e-08
0.028031372203106673,0.032372518878317984,6.792547861247487e-09,3.929336515415339e-09,1.7597733366986331e-06,0.018171726036773774,0.007644157009811558,0.010298933449595244,0.019754891422925674,0.0037735746062889097,0.0008380969979844664,0.005352574095828818,0.00027312014681789434,1.1885992516936366e-08,0.004789129261550536,0.004010986365975365,0.009768180893392741,5.1557395316107647e-08,5.2983452262059544e-08,0.005310576209861998,0.010855986130662298,0.01540012445035578,5.449266147186226e-08,0.028450617959407974,0.003924927647674957,0.007135696613377683,0.0045476682481434055,0.022053220505231026,4.964356447804605e-09,2.4971609008192206e-08,3.3006947558794947e-09,4.5390948290885674e-05,0.011335609529909531,3.219716675374886e-08,2.943219809643292e-08,1.063609165941372e-08,3.183906100493084e-09,3.6919881918545098e-09,0.035722072405028706,0.05653934384045333,0.027195686529229473,0.0229366864498467,0.011473941184911705,1.2808485598110063e-06,6.863850054891457e-09,4.764163393622445e-08,5.605387245287567e-09,7.738554822216056e-09,4.106486625687854e-09,5.635735442089345e-09,3.955758110975312e-09,9.916841540785523e-09,0.004888677312504873,3.0484329473639236e-09,0.005995017910264163,0.00012683244719211614,0.0007166668021297459,0.004670558202329324,1.7533962696380013e-08,0.0034453056371355527,0.016447562182674673,0.010193228532302777,0.05995065706672208,0.0004971885035574579,5.8158457783750064e-08,0.033801672677023345,0.01455775957760864,0.0046431695466504315,0.012459367912422716,0.002097163380784731,3.053747054648876e-08,9.415705302415673e-08,0.010464317325049231,0.011092097245776044,0.01313520721628248,0.0017337876299768082,0.0025028734452486544,0.0326095655720334,0.03206966538662321,0.03951974648562246,0.031415032778756326,0.014258949939689819,0.011081870553593758,0.03705997753449509,3.2629756754582433e-09,0.0029586823604243343,0.03924443286146448,0.011341972103418524,0.011669352931805531,0.01436838678790992,0.007546974000847644,0.009402049466137437,0.009755832875112492,0.0015448801632031192,0.0014360831284470211,0.009113548181793784,0.007482530750837916,0.010313767776280775,0.001648781251401089,1.4869284448012898e-08,8.945031372977723e-09,2.9913361088037285e-09,5.6324181443707025e-06,0.009579603513381557,0.008080592358698084,1.5866204880872653e-06,1.3630370940537367e-07,0.0001624505151516989,7.900199240594572e-08,0.005027592168549952,0.011615008320301571,1.4511297101238672e-08,3.024658570481073e-08,0.0020983181019398264,5.930567852735862e-07,2.8097226770795928e-08,0.006156557311904167,1.1438000932584736e-07
0.029579531606203028,0.03590624311718481,1.2202318294298615e-09,5.442398333930672e-10,3.787330360513847e-08,0.01543898321734561,0.007721479935371038,0.00951053671964404,0.016780923267175635,0.002542020691771434,4.720826793005019e-06,0.0037472226997732217,4.083308932060961e-07,4.7891657858656495e-09,0.003946108231615018,0.004084184148216583,0.009650954109894087,3.380731368668459e-08,5.319308231960874e-08,0.004617372045126094,0.011281435194526806,0.01602510326508805,6.288960676729672e-10,0.02807465014083187,0.004625887020814243,0.006132689388618405,0.0029159585039489743,0.02266555493544234,5.684411639307328e-10,5.556215385710518e-10,3.2094528140470874e-10,1.5943467327718565e-08,0.011811088665705781,6.293144431262343e-10,6.310354832844914e-10,6.412092949764074e-10,3.2290412574068623e-10,3.8632902007782185e-10,0.04232350336062449,0.051646907967668645,0.024455362100601757,0.02221672191529849,0.010998552991965784,1.5795401709489175e-07,1.3544880360223323e-09,0.0015901463839758114,2.3280025119501995e-09,1.4554630320763783e-09,7.077448581407736e-10,1.2350732791006521e-09,6.328778197780746e-10,2.561805969992358e-09,0.004494302657418265,4.827149251301871e-10,0.007734859863778705,0.00316432618381125,0.00028624082101900793,0.004093523675731689,1.2718428830631357e-09,0.006027152242323028,0.018458419207699736,0.010212143270927135,0.0607621512519454,0.002407206645177488,2.041629672608608e-08,0.038901523719336764,0.014955234401373807,0.004339187473952945,0.009882940228795873,0.00207806228438321,5.158005787591015e-09,3.857945422830693e-08,0.009678492175509541,0.009748326042604047,0.015602893337424236,0.0019328124150814524,0.0022766975266144103,0.03565384944386615,0.03364651842869407,0.044965837913970616,0.033627037561038665,0.011041161912063661,0.008939218737524143,0.036900019070963436,3.670110370325198e-10,0.002132212535138929,0.03955132127419061,0.010629342756051565,0.010956048922460045,0.014767194368859479,0.006479897137298393,0.006270641978676211,0.010840725914244015,5.055227216810363e-08,0.0009621397411247682,0.007216569150601309,0.005300459494294515,0.01150827173665307,0.001368634700193432,1.3155090079390957e-09,5.598492684548621e-10,3.8667490689042875e-10,9.252578315635628e-08,0.00908305523084326,0.0077457591916208785,1.206767168652055e-07,1.953846842528403e-09,9.334598577992683e-09,8.929142818896447e-09,0.004188406073820477,0.016167498506057042,7.840213281402716e-10,1.136721488881098e-09,0.001721055442021501,6.803097090483037e-08,4.1400895484426635e-09,0.0010056083547325548,2.1329475358082157e-08
0.009140248981232927,0.059878798389989364,8.770195028551112e-14,7.797105026462698e-14,1.15539846814228e-13,0.014590283117721474,3.057099821321552e-13,4.922664527887687e-13,0.022637306681888528,1.6088315994115237e-13,1.2943742167605062e-13,2.0645656272396907e-13,1.2447622438369105e-13,9.777209701255646e-14,1.7695314717221928e-13,1.7069994983744242e-13,2.983427306009977e-13,1.2667943994619766e-13,1.2322631908232091e-13,1.734046750620594e-13,3.599098564845032e-13,5.910782794867481e-12,9.081315116869103e-14,0.044372540491456114,2.274938352349981e-13,2.380085363205068e-13,1.2442704074116522e-13,0.031196733846693275,8.481129767228514e-14,9.04298778640453e-14,7.572241707327078e-14,1.3795970812658719e-13,2.464297044585617e-13,9.067713963971119e-14,9.057318747109293e-14,8.277752698850549e-14,7.516770714863657e-14,7.748881281103202e-14,0.07962933323116853,0.08025739559084792,0.009447237929824229,0.03815632319744498,7.274134326998896e-13,1.639412587581551e-13,1.1743013156971658e-13,1.296563850700748e-13,1.1184294549704918e-13,1.1837130642411975e-13,1.1484861610404652e-13,1.2523026070481053e-13,1.1142534242209373e-13,1.3280683833751377e-13,1.7845814654496101e-13,5.5321471633267e-14,1.480857181800535e-13,8.385435238147292e-14,1.3090429024212004e-13,1.632205411668141e-13,5.079847037078939e-14,9.346985011065099e-14,1.6590679251131338e-13,2.5135089852167695e-12,0.14046398771975593,1.325123745208874e-13,1.584790050239142e-13,0.061645158043501735,1.3145000040001297e-13,2.580588463133155e-13,0.0022377289034415104,2.668670146409338e-13,7.692211798150158e-14,5.761106018691702e-14,5.8310942791465296e-12,1.9880080372148413e-11,1.23079963219391e-12,2.533935990872582e-13,2.6505797779187717e-13,0.03743285203007,0.06317862474796751,0.06015167157344465,0.06461112650097381,0.008070145590984854,9.111070540238061e-12,0.06173195464103924,5.809549195457135e-14,8.142938692387944e-14,0.07804093431336201,1.313264463509347e-10,0.010907061004205033,0.022222536875585217,5.79986851637719e-13,7.271458727450816e-13,2.0254879173294708e-10,1.774453008312542e-13,2.1171828430227303e-13,1.4919000759285615e-12,6.003632194323765e-13,1.0584397415348326e-10,2.1982758607659567e-13,1.2621000235836064e-13,8.581190332257533e-14,7.129720213278349e-14,1.0696819073918777e-13,3.619368406692984e-13,3.081100116382788e-13,9.61285246951841e-14,1.2498267126967355e-13,1.1189790960830402e-13,1.2997999316714252e-13,2.090354887853301e-13,1.6097038690762447e-08,9.099340491604452e-14,9.718688305690903e-14,1.561959345831223e-13,1.3770928803993772e-13,1.280178015612957e-13,9.614008494156482e-14,9.612738985306294e-14
0.03167513749546182,0.0335960166624596,1.7487088168741514e-09,1.1339512551303119e-09,3.196150138171667e-08,0.014942714023663133,0.007694288412664935,0.009307071736739822,0.016316401153797934,0.0028451042513690933,6.814212924737412e-06,0.004148106917849548,3.045289960350071e-07,1.0754430607816236e-08,0.004751800963369397,0.0041871870690559886,0.010584078411557604,4.447041720704882e-08,8.580651723599054e-08,0.005575149787200342,0.012132254052838626,0.016720363260598024,1.9829060791339593e-09,0.029801586470896743,0.0034840043892479054,0.005170932411387686,0.002240781248359502,0.025797567579596566,1.715599143913954e-09,1.721612263574266e-09,1.050157866036875e-09,2.5390107422275156e-06,0.01250353540006986,1.9240942913065425e-09,1.8058766195069789e-09,1.7284322129590584e-09,1.0036140337453605e-09,1.229997330979897e-09,0.040217994570660755,0.0525452493797027,0.024772766885058403,0.021820298106748348,0.012705477239172789,0.0010604306097513787,3.1297810863586935e-09,0.0006676445196624168,4.224627816406589e-09,3.3769128706071537e-09,1.8235094084653584e-09,3.5257824908725042e-09,1.5768830320829763e-09,8.973315245210347e-09,0.004251917788354117,1.6487790475724374e-09,0.007806078818411907,0.0030609115394378355,0.0005302517376470019,0.004238733249203544,5.162127266585853e-09,0.0063814691679562035,0.018180922202350312,0.009657006210466834,0.060988071088978496,0.0016255195220228479,9.996791867687787e-05,0.03450966087789727,0.015146776023410182,0.006928625406166484,0.010567929862183642,0.0031954008720421717,1.1078732537744917e-08,8.678442881840277e-08,0.009842546522613085,0.010114335722432413,0.011774562655551995,0.0029713653501796454,0.003974242746271752,0.03447292592837353,0.03356571376313749,0.045676152502442634,0.03415947441289894,0.010262529727102588,0.00868875938856651,0.03699189291124926,8.469984048430257e-10,0.0017590049624792998,0.03967968981120185,0.010524981074078765,0.011000013918925898,0.01431885343826322,0.006548251677735051,0.005914123246886799,0.01044703738922184,9.06799034827364e-08,0.00036798209322733946,0.0075335729854131925,0.005054942793253748,0.011302304795083252,0.0008327384114411822,2.676616509848553e-09,1.322985664751645e-09,9.061803266953597e-10,3.258411878428839e-06,0.008824761351027218,0.007990551831377445,4.845464554608505e-06,4.200251292966104e-09,1.1466115926865311e-08,9.51386893340333e-09,0.0036860640161915977,0.015974273326837197,1.8394421950610397e-09,2.503260555414276e-09,0.000903906443594676,2.344725063707987e-08,5.454713040968288e-09,0.00039097713322694194,4.4546187774792343e-08
0.014059079614672695,0.06226737572789894,4.163818287126545e-13,3.5704411824927165e-13,4.984706708913045e-13,0.01427346710319745,1.4015475357138055e-12,2.2793503341397667e-12,0.022341149340391525,7.568598490488497e-13,5.775172915775898e-13,8.97944375753318e-13,5.509023588655674e-13,4.651283215002709e-13,8.404430951423698e-13,8.876477642368856e-13,1.502448402807355e-12,5.78239466806974e-13,5.637254110130915e-13,8.282434848989154e-13,1.7679904570745954e-12,7.456335397621358e-12,4.387970936780128e-13,0.04657202193811892,8.999051507414289e-13,9.955361217397484e-13,5.313415833155935e-13,0.02922641755938094,3.6134109401555585e-13,4.2849427305202386e-13,3.2982170216889086e-13,6.393922093150282e-13,1.241091394191483e-12,4.3654194530070706e-13,4.320106949641794e-13,3.91292776318645e-13,3.29073847490217e-13,3.394874221216024e-13,0.07704577868418772,0.08148973546621788,0.0073297895457627915,0.041002189716642885,2.5693371584396055e-12,7.863199595318183e-13,5.079854521291516e-13,6.49080569237671e-13,5.237117144861876e-13,5.140797924758268e-13,5.316485056124292e-13,5.794946701096252e-13,5.053526893600019e-13,6.258774291548232e-13,9.014771953802363e-13,2.561352449168175e-13,7.327969501421692e-13,4.0064497100865997e-13,6.181798152616189e-13,7.945222120580826e-13,2.354184268451025e-13,4.595923984462244e-13,8.793907219365495e-13,6.509501709035574e-12,0.14237699574001053,6.230142642848877e-13,6.892492026508375e-13,0.04640032990861194,6.209032762690804e-13,1.5706214403218839e-12,1.551507403303689e-11,1.1170501186731023e-12,3.707480662970438e-13,2.648323963951573e-13,7.435744601005462e-12,8.350835279106322e-12,2.2821695469274266e-12,1.11137664709052e-12,1.138173220661777e-12,0.03476051537673493,0.06294583388882886,0.07205533782241438,0.0662096815900868,0.006834671639457062,1.6165767238493803e-11,0.061766853681037674,2.716978560231434e-13,3.8105798095015176e-13,0.07938963162130772,0.0001104846821289935,0.010985979369317167,0.02055667977006415,2.6098494671334432e-12,2.6981474057373194e-12,3.215258765333726e-11,8.202680276122939e-13,9.323276550371638e-13,3.606876803430223e-12,2.1410464336031328e-12,2.810685812269702e-11,9.576770568331433e-13,5.763309203843295e-13,4.1803972755554456e-13,3.085490514842975e-13,4.617400909725646e-13,1.6954644117749775e-12,1.5863232192170263e-12,4.499991315864124e-13,6.218016917743285e-13,5.627070512548042e-13,5.92586175003658e-13,9.390803315655985e-13,1.9569000737044578e-11,4.448507957819667e-13,4.696697375158511e-13,7.648981149788097e-13,6.308889163608236e-13,5.80533102584031e-13,4.746926280398079e-13,4.46094401913873e-13
0.011292297554585233,0.05985941110731715,1.6903306159287657e-08,1.4941556879450566e-08,2.172416387994893e-08,0.015133697696199256,6.239423867540425e-08,1.0144038174877782e-07,0.02335794329278117,3.144939907702711e-08,2.5191970723092312e-08,3.7508813448687744e-08,2.4199757364112356e-08,1.880493396772496e-08,3.369128934293919e-08,3.590130710048249e-08,6.270416858730028e-08,2.4072716862965182e-08,2.3710753095736442e-08,3.3119319786314224e-08,7.062267554337052e-08,1.4549814142793508e-06,1.75458552547514e-08,0.04443744104072928,4.344899345919505e-08,4.3771368561367645e-08,2.580160806322731e-08,0.032534262344875164,1.5740090689814606e-08,1.7573629811617858e-08,1.4434488401471229e-08,2.5811345785016847e-08,4.728543622593694e-08,1.7539836513529614e-08,1.7577792212469437e-08,1.6161975790796542e-08,1.4338946562144784e-08,1.4750554103841706e-08,0.07328672088882371,0.07776655800059584,0.0031180595696009036,0.03698582526996207,9.732085292684944e-08,3.096613053093768e-08,2.2250833102826145e-08,2.6030223907842406e-08,2.1926660066367525e-08,2.2353394921312848e-08,2.169344030355098e-08,2.3582091677143243e-08,2.107304173052391e-08,2.5331894251064087e-08,3.461419353917675e-08,1.0716474092714708e-08,2.8093858672125356e-08,1.6371647140107206e-08,2.449444323917439e-08,3.055701749564897e-08,9.79075012298879e-09,1.7939655586988135e-08,3.2569579598456625e-08,2.007086731091291e-06,0.14360299590144815,2.5263779018982564e-08,3.0540707852862596e-08,0.059520009128771964,2.4846348277227456e-08,5.5659526463888775e-08,0.0017625073188732897,5.5114859257639675e-08,1.5268475679092384e-08,1.1121216623738392e-08,4.861164107357068e-06,4.023158655035412e-05,1.8268141090633002e-07,5.2812080262517324e-08,5.452099211859553e-08,0.038156384193529465,0.06297772003192238,0.06810794139537972,0.06422010123596156,0.008753818954074634,1.571675153365114e-06,0.06202232713775597,1.1286221984539788e-08,1.564687114604733e-08,0.07941494248652299,1.6689519062343822e-05,0.01096914622744126,0.02187433187820231,1.1280589039733931e-07,1.2913282994442242e-07,3.377615036907949e-05,3.502097174645501e-08,4.121056386663454e-08,2.2907748085753822e-07,1.0586727809505017e-07,8.019896761241454e-05,4.271779866819151e-08,2.5029871074369223e-08,1.680765587169689e-08,1.357725026678809e-08,1.9264825421043132e-08,6.966572965751395e-08,6.494243320899423e-08,1.8186085323448553e-08,2.4631200870216555e-08,2.2282538165719918e-08,2.4376758070775518e-08,3.7256806691932015e-08,0.0006615592287105705,1.7802789016887653e-08,1.889083726561155e-08,2.913889150697838e-08,2.5641989758864327e-08,2.4120097886926404e-08,1.890141628502096e-08,1.803359961724146e-08
