==========================
Current model is : 0
==========================
Current target is : 1
r2:-0.1407594232332885
rmse:2.91053301067
CVrmse1:10.294232923174373
CVrmse2:10.062141105806578
mae:2.01975265275
==========================
Current target is : 2
r2:0.7030689035334077
rmse:0.613403116251
CVrmse1:32.987884082214464
CVrmse2:33.075068119827364
mae:0.4916750952000001
==========================
Current target is : 3
r2:0.1419755974900513
rmse:0.258515194132
CVrmse1:7.522199319961573
CVrmse2:7.434300573450974
mae:0.14242060379999993
==========================
Current target is : 4
r2:0.23796446926884018
rmse:37.8869543787
CVrmse1:59.26305975291317
CVrmse2:57.406015798441985
mae:29.61477345
==========================
