==========================
Current model is : 0
==========================
Current target is : 1
r2:0.05607393467033184
rmse:2.64755192369
CVrmse1:9.337714920862085
CVrmse2:9.152976772116133
mae:1.9176826869710173
==========================
Current target is : 2
r2:0.6660539549418407
rmse:0.650513463128
CVrmse1:35.37653622747163
CVrmse2:35.07608053465536
mae:0.5475142601732541
==========================
Current target is : 3
r2:0.03477670171230873
rmse:0.274189078537
CVrmse1:8.010182173540501
CVrmse2:7.885045328378641
mae:0.147128476451806
==========================
Current target is : 4
r2:0.6336052337026806
rmse:26.2710066949
CVrmse1:40.908404812743896
CVrmse2:39.80562307269475
mae:20.597225350939233
==========================
