==========================
Current model is : 0
==========================
Current target is : 1
r2:-0.10573423955060024
rmse:2.86550305505
CVrmse1:10.151821675703639
CVrmse2:9.90646591993224
mae:1.9980948461029897
==========================
Current target is : 2
r2:0.7097928638739862
rmse:0.606418135368
CVrmse1:33.322421533247244
CVrmse2:32.698433713499796
mae:0.5192981347411803
==========================
Current target is : 3
r2:0.015219537015260798
rmse:0.276952931186
CVrmse1:8.086405564345327
CVrmse2:7.964527354174584
mae:0.14863262807957917
==========================
Current target is : 4
r2:0.6766731914982494
rmse:24.6787377019
CVrmse1:37.98808399113817
CVrmse2:37.393029596446006
mae:19.18773415137349
==========================
