==========================
Current model is : 0
==========================
Current target is : 1
r2:0.031041503019527017
rmse:2.68242806704
CVrmse1:9.38027051492782
CVrmse2:9.273548734144137
mae:1.8683720431014308
==========================
Current target is : 2
r2:0.6583865646677798
rmse:0.657938966602
CVrmse1:36.22851060352016
CVrmse2:35.4764681863012
mae:0.48192090147548383
==========================
Current target is : 3
r2:0.04963451734347846
rmse:0.272070579141
CVrmse1:7.895254482189918
CVrmse2:7.824122173247245
mae:0.15382183481966333
==========================
Current target is : 4
r2:0.6397856922940051
rmse:26.0484906629
CVrmse1:39.26563938370012
CVrmse2:39.46846852814365
mae:18.573004457539238
==========================
