==========================
Current model is : 0
==========================
Current target is : 1
r2:0.0035516609100124663
rmse:2.72021286761
CVrmse1:9.603970537454783
CVrmse2:9.404176352382851
mae:1.829244696
==========================
Current target is : 2
r2:0.3254310812104718
rmse:0.924551910668
CVrmse1:57.18240184099113
CVrmse2:49.8523998582626
mae:0.66906262455
==========================
Current target is : 3
r2:-0.07039897007795881
rmse:0.288741424811
CVrmse1:8.444041105836279
CVrmse2:8.303537234082214
mae:0.16372999424999995
==========================
Current target is : 4
r2:0.345673155232321
rmse:35.107463542
CVrmse1:58.878672717200956
CVrmse2:53.19455310632976
mae:25.939009381250003
==========================
