==========================
Current model is : 0
==========================
Current target is : 1
r2:-0.07676332983569645
rmse:2.82771493264
CVrmse1:10.053168980574048
CVrmse2:9.775826817593124
mae:1.89513505125
==========================
Current target is : 2
r2:0.6590913089851516
rmse:0.657259956224
CVrmse1:37.616557175595695
CVrmse2:35.43985553482558
mae:0.45598425929999997
==========================
Current target is : 3
r2:-0.1339020429137705
rmse:0.297183041258
CVrmse1:8.687826308414055
CVrmse2:8.546298647789717
mae:0.17174718675
==========================
Current target is : 4
r2:0.512802287985787
rmse:30.2938663054
CVrmse1:50.59264205806105
CVrmse2:45.901028368233106
mae:19.77390499525
==========================
